{
  "checkpoints": [
    {
      "iteration": 0,
      "n_objects": 3,
      "n_blanket_vars": 80,
      "blanket_indices": [
        0,
        1,
        2,
        3,
        4
      ],
      "blanket_f1": 0.0,
      "eigengap": 18.3339,
      "coupling_sparsity": 0.3248,
      "coupling_matrix": [
        [
          0.0,
          0.15905349043960584,
          0.006499582703071271,
          0.19315941667606654,
          0.04933642990121266,
          0.06856839424010344,
          0.2793028952137171,
          0.177628236124419,
          0.1086739822617123,
          0.21818649767976925,
          0.19930976043882373,
          0.03449259304820424,
          0.022017554163206693,
          0.08980529384547566,
          0.14211020061047597,
          0.04102563273209542,
          0.04726777846109475,
          0.1479627030568638,
          0.14317401313727596,
          0.2337875096072211,
          0.06201807646956958,
          0.05195018618984153,
          0.12536014562266587,
          0.349409305317403,
          0.15551393970861577
        ],
        [
          0.15905349043960584,
          0.0,
          0.07522389198160499,
          0.1300844263156222,
          0.10621337740136229,
          0.036427215236360756,
          0.2030103213739312,
          0.15332680654044817,
          0.03566507855907373,
          0.1415739987617972,
          0.07662823301791516,
          0.1608588075742732,
          0.10095318176813156,
          0.108016865481677,
          0.16247858246973984,
          0.3385095024451784,
          0.09740125785525293,
          0.014806301962498186,
          0.18658261802020715,
          0.22958724932963068,
          0.03350428282496084,
          0.36738959018591694,
          0.067865631632417,
          0.11989582790256298,
          0.23616481434519437
        ],
        [
          0.006499582703071271,
          0.07522389198160499,
          0.0,
          0.04290506504315045,
          0.03763425330653853,
          0.4628182831757442,
          0.020174640215090276,
          0.12301327077207347,
          0.2884133805656018,
          0.2519839773486703,
          0.43119469193744714,
          0.06807196178664278,
          0.20749291328744765,
          0.14937009495161735,
          0.06980167988732337,
          0.12762367351477522,
          0.15401057947232147,
          0.15163719205587928,
          0.03353337224439797,
          0.11268133535251833,
          0.0030638824690706165,
          0.17592628299630955,
          0.016880360796573016,
          0.050707637211913854,
          0.32684328956808456
        ],
        [
          0.19315941667606654,
          0.1300844263156222,
          0.04290506504315045,
          0.0,
          0.24646923428727535,
          0.12629108718090507,
          0.470264747715207,
          0.3065846091513795,
          0.12312918475569089,
          0.23873885653284702,
          0.045778866499397795,
          0.003854797708285133,
          0.04979507239793945,
          0.042309200400524966,
          0.038714334340960936,
          0.15466487544755142,
          0.24748989602764415,
          0.0012757728898001768,
          0.07319711356700655,
          0.18431614504566765,
          0.03630658118877987,
          0.051712204332919655,
          0.17045202361591424,
          0.05445154289247094,
          0.07884573600827413
        ],
        [
          0.04933642990121266,
          0.10621337740136229,
          0.03763425330653853,
          0.24646923428727535,
          0.0,
          0.18919634371108898,
          0.27929814933730523,
          0.2723382796906865,
          0.173432744467272,
          0.030786748347563037,
          0.11414422430357302,
          0.10656661514227297,
          0.01174561273922972,
          0.08474037029319112,
          0.05216205773908005,
          0.3041943936378766,
          0.1191967626980326,
          0.131561329475545,
          0.04714522313341906,
          0.064440229856796,
          0.019226862377098513,
          0.17400823625183418,
          0.15957111920557934,
          0.05597321964108347,
          0.03704579479354097
        ],
        [
          0.06856839424010344,
          0.036427215236360756,
          0.4628182831757442,
          0.12629108718090507,
          0.18919634371108898,
          0.0,
          0.14500537300973382,
          0.18217021578864526,
          0.1515294745749127,
          0.2125458018400189,
          0.40077980467604807,
          0.22889626758118245,
          0.1643101190820995,
          0.06587497158171574,
          0.0760735281832926,
          0.203937883199127,
          0.13193553478127437,
          0.2622610483059739,
          0.15643362112875273,
          0.188343184751192,
          0.04739376131808993,
          0.19106445255772722,
          0.01637283475728641,
          0.20441858359113474,
          0.364046802514971
        ],
        [
          0.2793028952137171,
          0.2030103213739312,
          0.020174640215090276,
          0.470264747715207,
          0.27929814933730523,
          0.14500537300973382,
          0.0,
          0.3766719167530691,
          0.03595873404954226,
          0.16743454687477036,
          0.13891523468588152,
          0.32395686609986113,
          0.009137775464425063,
          0.06010207694291907,
          0.19987945496422785,
          0.026424065594752435,
          0.10819627705711393,
          0.3031681944076236,
          0.16362385943121016,
          0.21053500832316424,
          0.06884760479596666,
          0.15045696037943487,
          0.12364314363433916,
          0.18184792098270344,
          0.07070767959486297
        ],
        [
          0.177628236124419,
          0.15332680654044817,
          0.12301327077207347,
          0.3065846091513795,
          0.2723382796906865,
          0.18217021578864526,
          0.3766719167530691,
          0.0,
          0.08596666368044491,
          0.06291935416455223,
          0.07717605359584273,
          0.22341417410964665,
          0.05705636989249449,
          0.15700175500783764,
          0.11444649876929192,
          0.17152969445943306,
          0.1977096806371417,
          0.23392610872186287,
          0.16659691966408577,
          0.07554631861203445,
          0.007375210570078814,
          0.22652608049461123,
          0.1547424438755114,
          0.4238660090350503,
          0.21380163882195025
        ],
        [
          0.1086739822617123,
          0.03566507855907373,
          0.2884133805656018,
          0.12312918475569089,
          0.173432744467272,
          0.1515294745749127,
          0.03595873404954226,
          0.08596666368044491,
          0.0,
          0.2303189177201157,
          0.2550889083961457,
          0.008672254800038819,
          0.10648449322230681,
          0.20322108558157861,
          0.03294091389681,
          0.020158541637458057,
          0.013628940983524792,
          0.0743817627249774,
          0.08720556635298926,
          0.27295966773410096,
          0.1422240385228408,
          0.035681914892475984,
          0.2088258367710951,
          0.3174387680173809,
          0.2631692347465143
        ],
        [
          0.21818649767976925,
          0.1415739987617972,
          0.2519839773486703,
          0.23873885653284702,
          0.030786748347563037,
          0.2125458018400189,
          0.16743454687477036,
          0.06291935416455223,
          0.2303189177201157,
          0.0,
          0.6524450613461209,
          0.16010720752703583,
          0.03828504255393108,
          0.009017625039334818,
          0.12562831628380972,
          0.08011235463818199,
          0.043235819003852656,
          0.30824819148506066,
          0.046437823269196835,
          0.5250138678496645,
          0.08297708597617805,
          0.11365963539482606,
          0.047806405409243885,
          0.22158310055157823,
          0.20140760024957605
        ],
        [
          0.19930976043882373,
          0.07662823301791516,
          0.43119469193744714,
          0.045778866499397795,
          0.11414422430357302,
          0.40077980467604807,
          0.13891523468588152,
          0.07717605359584273,
          0.2550889083961457,
          0.6524450613461209,
          0.0,
          0.1952686103888367,
          0.018383169538709575,
          0.05350233552026642,
          0.14164459990011413,
          0.19406390094299875,
          0.08976559508817918,
          0.04039001079456786,
          0.055686386349887505,
          0.2782739169759807,
          0.09208290057424816,
          0.2983792932663565,
          0.048838546621458236,
          0.2880185378306432,
          0.4395770206549688
        ],
        [
          0.03449259304820424,
          0.1608588075742732,
          0.06807196178664278,
          0.003854797708285133,
          0.10656661514227297,
          0.22889626758118245,
          0.32395686609986113,
          0.22341417410964665,
          0.008672254800038819,
          0.16010720752703583,
          0.1952686103888367,
          0.0,
          0.03964512897756597,
          0.05057303545235974,
          0.2820574757446523,
          0.27352154968988746,
          0.04943713821130348,
          0.21037071443539068,
          0.34714202466249056,
          0.25227183206789633,
          0.21043317550243298,
          0.34836590516355886,
          0.11800143435695601,
          0.2897089632930469,
          0.14301024681055538
        ],
        [
          0.022017554163206693,
          0.10095318176813156,
          0.20749291328744765,
          0.04979507239793945,
          0.01174561273922972,
          0.1643101190820995,
          0.009137775464425063,
          0.05705636989249449,
          0.10648449322230681,
          0.03828504255393108,
          0.018383169538709575,
          0.03964512897756597,
          0.0,
          0.020853891994533368,
          0.10366336939101356,
          0.0741827827822781,
          0.18201280277448173,
          0.2239684698868771,
          0.09190322525003622,
          0.03664883357132989,
          0.019032626431995266,
          0.13079979619225673,
          0.12882382725201824,
          0.030849124729611262,
          0.15272982921206996
        ],
        [
          0.08980529384547566,
          0.108016865481677,
          0.14937009495161735,
          0.042309200400524966,
          0.08474037029319112,
          0.06587497158171574,
          0.06010207694291907,
          0.15700175500783764,
          0.20322108558157861,
          0.009017625039334818,
          0.05350233552026642,
          0.05057303545235974,
          0.020853891994533368,
          0.0,
          0.035381805399706555,
          0.20340837574252663,
          0.03288645529554732,
          0.034470628672546876,
          0.04104116806373486,
          0.008011925753312579,
          0.06620478741124847,
          0.16401126417505446,
          0.08462587790243915,
          0.13248386136473334,
          0.00822256588332163
        ],
        [
          0.14211020061047597,
          0.16247858246973984,
          0.06980167988732337,
          0.038714334340960936,
          0.05216205773908005,
          0.0760735281832926,
          0.19987945496422785,
          0.11444649876929192,
          0.03294091389681,
          0.12562831628380972,
          0.14164459990011413,
          0.2820574757446523,
          0.10366336939101356,
          0.035381805399706555,
          0.0,
          0.12854988229395642,
          0.12816171331814954,
          0.17231145937310072,
          0.09798904231734186,
          0.18834939387321162,
          0.645846888091299,
          0.2933972108305146,
          0.0026798280844873013,
          0.09948604585651061,
          0.0014661574579375096
        ],
        [
          0.04102563273209542,
          0.3385095024451784,
          0.12762367351477522,
          0.15466487544755142,
          0.3041943936378766,
          0.203937883199127,
          0.026424065594752435,
          0.17152969445943306,
          0.020158541637458057,
          0.08011235463818199,
          0.19406390094299875,
          0.27352154968988746,
          0.0741827827822781,
          0.20340837574252663,
          0.12854988229395642,
          0.0,
          0.28275797484309284,
          0.11379295800612715,
          0.22325912672643602,
          0.0746218174062925,
          0.06776555279902288,
          0.6808065919150199,
          0.2284642365420991,
          0.3324570623725826,
          0.20237794279972296
        ],
        [
          0.04726777846109475,
          0.09740125785525293,
          0.15401057947232147,
          0.24748989602764415,
          0.1191967626980326,
          0.13193553478127437,
          0.10819627705711393,
          0.1977096806371417,
          0.013628940983524792,
          0.043235819003852656,
          0.08976559508817918,
          0.04943713821130348,
          0.18201280277448173,
          0.03288645529554732,
          0.12816171331814954,
          0.28275797484309284,
          0.0,
          0.010687211498919559,
          0.003935927531715799,
          0.1385221893509247,
          0.11589118870500902,
          0.18433471163197063,
          0.5904987557479054,
          0.29899747449840564,
          0.000724616606815238
        ],
        [
          0.1479627030568638,
          0.014806301962498186,
          0.15163719205587928,
          0.0012757728898001768,
          0.131561329475545,
          0.2622610483059739,
          0.3031681944076236,
          0.23392610872186287,
          0.0743817627249774,
          0.30824819148506066,
          0.04039001079456786,
          0.21037071443539068,
          0.2239684698868771,
          0.034470628672546876,
          0.17231145937310072,
          0.11379295800612715,
          0.010687211498919559,
          0.0,
          0.12417909909379128,
          0.11333223351910542,
          0.09755237996442748,
          0.14739551355898783,
          0.047817686796491406,
          0.27533271185860353,
          0.2713427411750553
        ],
        [
          0.14317401313727596,
          0.18658261802020715,
          0.03353337224439797,
          0.07319711356700655,
          0.04714522313341906,
          0.15643362112875273,
          0.16362385943121016,
          0.16659691966408577,
          0.08720556635298926,
          0.046437823269196835,
          0.055686386349887505,
          0.34714202466249056,
          0.09190322525003622,
          0.04104116806373486,
          0.09798904231734186,
          0.22325912672643602,
          0.003935927531715799,
          0.12417909909379128,
          0.0,
          0.1702963071353627,
          0.0714684396307666,
          0.29372277633216975,
          0.13120076160851488,
          0.17416692831600916,
          0.34933723282019025
        ],
        [
          0.2337875096072211,
          0.22958724932963068,
          0.11268133535251833,
          0.18431614504566765,
          0.064440229856796,
          0.188343184751192,
          0.21053500832316424,
          0.07554631861203445,
          0.27295966773410096,
          0.5250138678496645,
          0.2782739169759807,
          0.25227183206789633,
          0.03664883357132989,
          0.008011925753312579,
          0.18834939387321162,
          0.0746218174062925,
          0.1385221893509247,
          0.11333223351910542,
          0.1702963071353627,
          0.0,
          0.004183579985933953,
          0.11633839818116778,
          0.1415984286781814,
          0.2845280281629568,
          0.001751052233614451
        ],
        [
          0.06201807646956958,
          0.03350428282496084,
          0.0030638824690706165,
          0.03630658118877987,
          0.019226862377098513,
          0.04739376131808993,
          0.06884760479596666,
          0.007375210570078814,
          0.1422240385228408,
          0.08297708597617805,
          0.09208290057424816,
          0.21043317550243298,
          0.019032626431995266,
          0.06620478741124847,
          0.645846888091299,
          0.06776555279902288,
          0.11589118870500902,
          0.09755237996442748,
          0.0714684396307666,
          0.004183579985933953,
          0.0,
          0.15505498794848835,
          0.03490583898436973,
          0.0033070341080422734,
          0.0010017783576253398
        ],
        [
          0.05195018618984153,
          0.36738959018591694,
          0.17592628299630955,
          0.051712204332919655,
          0.17400823625183418,
          0.19106445255772722,
          0.15045696037943487,
          0.22652608049461123,
          0.035681914892475984,
          0.11365963539482606,
          0.2983792932663565,
          0.34836590516355886,
          0.13079979619225673,
          0.16401126417505446,
          0.2933972108305146,
          0.6808065919150199,
          0.18433471163197063,
          0.14739551355898783,
          0.29372277633216975,
          0.11633839818116778,
          0.15505498794848835,
          0.0,
          0.1751272754976802,
          0.25720626064790625,
          0.08398803932614528
        ],
        [
          0.12536014562266587,
          0.067865631632417,
          0.016880360796573016,
          0.17045202361591424,
          0.15957111920557934,
          0.01637283475728641,
          0.12364314363433916,
          0.1547424438755114,
          0.2088258367710951,
          0.047806405409243885,
          0.048838546621458236,
          0.11800143435695601,
          0.12882382725201824,
          0.08462587790243915,
          0.0026798280844873013,
          0.2284642365420991,
          0.5904987557479054,
          0.047817686796491406,
          0.13120076160851488,
          0.1415984286781814,
          0.03490583898436973,
          0.1751272754976802,
          0.0,
          0.26292165143418805,
          0.12429241128279074
        ],
        [
          0.349409305317403,
          0.11989582790256298,
          0.050707637211913854,
          0.05445154289247094,
          0.05597321964108347,
          0.20441858359113474,
          0.18184792098270344,
          0.4238660090350503,
          0.3174387680173809,
          0.22158310055157823,
          0.2880185378306432,
          0.2897089632930469,
          0.030849124729611262,
          0.13248386136473334,
          0.09948604585651061,
          0.3324570623725826,
          0.29899747449840564,
          0.27533271185860353,
          0.17416692831600916,
          0.2845280281629568,
          0.0033070341080422734,
          0.25720626064790625,
          0.26292165143418805,
          0.0,
          0.21930457087089705
        ],
        [
          0.15551393970861577,
          0.23616481434519437,
          0.32684328956808456,
          0.07884573600827413,
          0.03704579479354097,
          0.364046802514971,
          0.07070767959486297,
          0.21380163882195025,
          0.2631692347465143,
          0.20140760024957605,
          0.4395770206549688,
          0.14301024681055538,
          0.15272982921206996,
          0.00822256588332163,
          0.0014661574579375096,
          0.20237794279972296,
          0.000724616606815238,
          0.2713427411750553,
          0.34933723282019025,
          0.001751052233614451,
          0.0010017783576253398,
          0.08398803932614528,
          0.12429241128279074,
          0.21930457087089705,
          0.0
        ]
      ]
    },
    {
      "iteration": 10,
      "n_objects": 1,
      "n_blanket_vars": 10,
      "blanket_indices": [
        0
      ],
      "blanket_f1": 0.0,
      "eigengap": 19.1894,
      "coupling_sparsity": 0.5104,
      "coupling_matrix": [
        [
          0.0,
          0.17815659423116256,
          0.010434180765033196,
          0.15967075224461086,
          0.08844462345240292,
          0.0026549142484839743,
          0.06952167112065898,
          0.1246544631638188,
          0.1482182787131726,
          0.08974369097976934,
          0.19009031415944858,
          0.033464960431695445,
          0.1876899142387779,
          0.006001314892845788,
          0.060310994012047876,
          0.0036658805404348313,
          0.007113808539520065,
          0.05401633327688891,
          0.11305822483041293,
          0.11101727681350812,
          0.01758061246969405,
          0.04659449945539775,
          0.14011907820213582,
          0.09383235511823497,
          0.1023238941646131
        ],
        [
          0.17815659423116256,
          0.0,
          0.0710924543656752,
          0.13416887602496483,
          0.11805087969496306,
          0.13976191852892775,
          0.08683207527310863,
          0.07274460326954199,
          0.18625800332503675,
          0.4954090813758466,
          0.4438567902548684,
          0.1876668853600327,
          0.10249557752856049,
          0.040561890415339606,
          0.4491863529142407,
          0.06779324566399739,
          0.1797938927091391,
          0.1829040528299904,
          0.07350902046658865,
          0.25450009889542685,
          0.35345276578845763,
          0.027911916189525186,
          0.10185676591070954,
          0.257412521475136,
          0.03331036315553963
        ],
        [
          0.010434180765033196,
          0.0710924543656752,
          0.0,
          0.06223143975923074,
          0.08058046102848074,
          0.10745339272592587,
          0.09032806975406378,
          0.10848492346836723,
          0.5285975257314907,
          0.06302882591986736,
          0.003228495701589657,
          0.003832980507140133,
          0.06463234637321458,
          0.01159965329378037,
          0.012021600421430686,
          0.09136006763435502,
          0.10776575507634262,
          0.11579771783087803,
          0.10970496591051125,
          0.04890852561748857,
          0.005489064857624977,
          0.12101116425058495,
          0.19070615186744935,
          0.023824488700786437,
          0.09760273627478128
        ],
        [
          0.15967075224461086,
          0.13416887602496483,
          0.06223143975923074,
          0.0,
          0.04188465815101191,
          0.028018259173320386,
          0.16998382879469118,
          0.04150374762479369,
          0.040490639070849536,
          0.06716266222093009,
          0.024960368113152415,
          0.0544003431834079,
          0.12766767295463133,
          0.10544142487541346,
          0.13679077473320103,
          0.008203087316999856,
          0.10409427568713524,
          0.03713504265675244,
          0.04643554726657451,
          0.1134633411888901,
          0.08072576006303053,
          0.08913558311747657,
          0.17339693235648249,
          0.04535649253204313,
          0.21997067168328377
        ],
        [
          0.08844462345240292,
          0.11805087969496306,
          0.08058046102848074,
          0.04188465815101191,
          0.0,
          0.24867827735868359,
          0.0227776318735538,
          0.2215571976269379,
          0.03061907273219064,
          0.14192413757442848,
          0.16639464751109992,
          0.2946864106514728,
          0.05738085558426161,
          0.031275437667955916,
          0.17453818293495382,
          0.24206256248958946,
          0.02005924875259656,
          0.09774581629407206,
          0.04657115207393118,
          0.050897445889262316,
          0.13632126878306813,
          0.2051151684412036,
          0.0012752513949191963,
          0.14756291686813466,
          0.004419994673196846
        ],
        [
          0.0026549142484839743,
          0.13976191852892775,
          0.10745339272592587,
          0.028018259173320386,
          0.24867827735868359,
          0.0,
          0.2788288064998149,
          0.046769729361866914,
          0.11578116989592374,
          0.04750516807558013,
          0.045718738027521015,
          0.24379014490013654,
          0.04532403454910494,
          0.027907664910589828,
          0.188545156444987,
          0.16733378770854632,
          0.07821098745574949,
          0.1152112099489142,
          0.1250164007791169,
          0.031323537974727554,
          0.24903923031011344,
          0.1507021350222141,
          0.09705996791073473,
          0.07248985870620953,
          0.14218088254556716
        ],
        [
          0.06952167112065898,
          0.08683207527310863,
          0.09032806975406378,
          0.16998382879469118,
          0.0227776318735538,
          0.2788288064998149,
          0.0,
          0.06735274290744023,
          0.017593929550080396,
          0.03660560505165835,
          0.06199906497358307,
          0.1464066621400967,
          0.022939408035892457,
          0.1195390184193545,
          0.019918354543081978,
          0.1445702539612894,
          0.13282120721301474,
          0.05283835617459284,
          0.053012402350600805,
          0.1302890992728831,
          0.02421676959446734,
          0.12491097304901343,
          0.1622011970216258,
          0.026436627964620894,
          0.07892118107795931
        ],
        [
          0.1246544631638188,
          0.07274460326954199,
          0.10848492346836723,
          0.04150374762479369,
          0.2215571976269379,
          0.046769729361866914,
          0.06735274290744023,
          0.0,
          0.02848896302299187,
          0.15221609880314707,
          0.17183382633122282,
          0.11173689415411096,
          0.07197603975820187,
          0.12214688823686687,
          0.057086000643494304,
          0.06421080250587076,
          0.06304480595619026,
          0.018857903615265584,
          0.01851927359871855,
          0.07373434549600569,
          0.003975399767152639,
          0.10120829242653161,
          0.05542147822608768,
          0.14581475487937887,
          0.09671412065385925
        ],
        [
          0.1482182787131726,
          0.18625800332503675,
          0.5285975257314907,
          0.040490639070849536,
          0.03061907273219064,
          0.11578116989592374,
          0.017593929550080396,
          0.02848896302299187,
          0.0,
          0.2392461623680718,
          0.2309429682862988,
          0.008219724328635615,
          0.03307721421718881,
          0.10640710420508469,
          0.1769394773471255,
          0.006851123761679611,
          0.07813292149666158,
          0.06175972108004255,
          0.07578157095045877,
          0.18624831430749253,
          0.20332877950875264,
          0.05588604666458891,
          0.23543087987677438,
          0.105395463622327,
          0.20742154267951327
        ],
        [
          0.08974369097976934,
          0.4954090813758466,
          0.06302882591986736,
          0.06716266222093009,
          0.14192413757442848,
          0.04750516807558013,
          0.03660560505165835,
          0.15221609880314707,
          0.2392461623680718,
          0.0,
          0.8704089885587837,
          0.180598192208204,
          0.14093886570617742,
          0.035124982918838143,
          0.32413014179524935,
          0.2308489754645658,
          0.13229021439605865,
          0.05645180541256499,
          0.013558216875126112,
          0.02895337047636895,
          0.30881594616203,
          0.19219367886993038,
          0.10472432443549218,
          0.3735613670548922,
          0.34695917462191117
        ],
        [
          0.19009031415944858,
          0.4438567902548684,
          0.003228495701589657,
          0.024960368113152415,
          0.16639464751109992,
          0.045718738027521015,
          0.06199906497358307,
          0.17183382633122282,
          0.2309429682862988,
          0.8704089885587837,
          0.0,
          0.06524614055032499,
          0.11556727353030431,
          0.08558723981788467,
          0.28206870146660246,
          0.2349663686818983,
          0.042075653831546746,
          0.009751466028403693,
          0.01380986231812209,
          0.0630117977277488,
          0.2835033163001971,
          0.21465051670820387,
          0.0946537841463718,
          0.27169895628018714,
          0.3375820700555371
        ],
        [
          0.033464960431695445,
          0.1876668853600327,
          0.003832980507140133,
          0.0544003431834079,
          0.2946864106514728,
          0.24379014490013654,
          0.1464066621400967,
          0.11173689415411096,
          0.008219724328635615,
          0.180598192208204,
          0.06524614055032499,
          0.0,
          0.24900018035650695,
          0.07464695566327363,
          0.24729933653351177,
          0.07414039140719962,
          0.21809906746218444,
          0.03378616180905798,
          0.023786185568650274,
          0.03975114787629861,
          0.24332782882119033,
          0.07314573713275367,
          0.09447608329104404,
          0.06383771508327489,
          0.10583160254824299
        ],
        [
          0.1876899142387779,
          0.10249557752856049,
          0.06463234637321458,
          0.12766767295463133,
          0.05738085558426161,
          0.04532403454910494,
          0.022939408035892457,
          0.07197603975820187,
          0.03307721421718881,
          0.14093886570617742,
          0.11556727353030431,
          0.24900018035650695,
          0.0,
          0.13984416701737618,
          0.33458851339768086,
          0.13207932640186698,
          0.14236892909023138,
          0.0819543115718273,
          0.05880389679815564,
          0.015105193534480293,
          0.3515401029681101,
          0.1387276298831192,
          0.07939178223635318,
          0.1757592126315949,
          0.14958568974668457
        ],
        [
          0.006001314892845788,
          0.040561890415339606,
          0.01159965329378037,
          0.10544142487541346,
          0.031275437667955916,
          0.027907664910589828,
          0.1195390184193545,
          0.12214688823686687,
          0.10640710420508469,
          0.035124982918838143,
          0.08558723981788467,
          0.07464695566327363,
          0.13984416701737618,
          0.0,
          0.029982111738183083,
          0.04775525254726484,
          0.06985138857324957,
          0.02277972343186107,
          0.015426660792095221,
          0.07665940065944249,
          0.03546065936848575,
          0.0210468284568319,
          0.023719831122453103,
          0.12820407114068696,
          0.034668355436628925
        ],
        [
          0.060310994012047876,
          0.4491863529142407,
          0.012021600421430686,
          0.13679077473320103,
          0.17453818293495382,
          0.188545156444987,
          0.019918354543081978,
          0.057086000643494304,
          0.1769394773471255,
          0.32413014179524935,
          0.28206870146660246,
          0.24729933653351177,
          0.33458851339768086,
          0.029982111738183083,
          0.0,
          0.03033602604104114,
          0.22368271978033058,
          0.08118235879965306,
          0.11413648443963602,
          0.30788326609669914,
          0.7977608202866416,
          0.06382157174895967,
          0.07380464985340632,
          0.27690347931980475,
          0.07778777625541476
        ],
        [
          0.0036658805404348313,
          0.06779324566399739,
          0.09136006763435502,
          0.008203087316999856,
          0.24206256248958946,
          0.16733378770854632,
          0.1445702539612894,
          0.06421080250587076,
          0.006851123761679611,
          0.2308489754645658,
          0.2349663686818983,
          0.07414039140719962,
          0.13207932640186698,
          0.04775525254726484,
          0.03033602604104114,
          0.0,
          0.03133350536863473,
          0.15790296848318683,
          0.0539584487455796,
          0.009228409373437574,
          0.02531593843831959,
          0.6882837555464544,
          0.017951142615793673,
          0.16049410758212682,
          0.12603700321168804
        ],
        [
          0.007113808539520065,
          0.1797938927091391,
          0.10776575507634262,
          0.10409427568713524,
          0.02005924875259656,
          0.07821098745574949,
          0.13282120721301474,
          0.06304480595619026,
          0.07813292149666158,
          0.13229021439605865,
          0.042075653831546746,
          0.21809906746218444,
          0.14236892909023138,
          0.06985138857324957,
          0.22368271978033058,
          0.03133350536863473,
          0.0,
          0.1902112844920101,
          0.01783515374860506,
          0.0069920275172682764,
          0.22435765833199303,
          0.011541166874393041,
          0.4079002974302234,
          0.10775466329477804,
          0.02669640935542246
        ],
        [
          0.05401633327688891,
          0.1829040528299904,
          0.11579771783087803,
          0.03713504265675244,
          0.09774581629407206,
          0.1152112099489142,
          0.05283835617459284,
          0.018857903615265584,
          0.06175972108004255,
          0.05645180541256499,
          0.009751466028403693,
          0.03378616180905798,
          0.0819543115718273,
          0.02277972343186107,
          0.08118235879965306,
          0.15790296848318683,
          0.1902112844920101,
          0.0,
          0.09122603491259439,
          0.01121971191288905,
          0.05631864725405495,
          0.125444417615555,
          0.04469953281632571,
          0.18906066808791366,
          0.17693052439616455
        ],
        [
          0.11305822483041293,
          0.07350902046658865,
          0.10970496591051125,
          0.04643554726657451,
          0.04657115207393118,
          0.1250164007791169,
          0.053012402350600805,
          0.01851927359871855,
          0.07578157095045877,
          0.013558216875126112,
          0.01380986231812209,
          0.023786185568650274,
          0.05880389679815564,
          0.015426660792095221,
          0.11413648443963602,
          0.0539584487455796,
          0.01783515374860506,
          0.09122603491259439,
          0.0,
          0.21796263128016538,
          0.10100879555651217,
          0.022246910567638646,
          0.008410690359698528,
          0.06680349698939196,
          0.12519431245230303
        ],
        [
          0.11101727681350812,
          0.25450009889542685,
          0.04890852561748857,
          0.1134633411888901,
          0.050897445889262316,
          0.031323537974727554,
          0.1302890992728831,
          0.07373434549600569,
          0.18624831430749253,
          0.02895337047636895,
          0.0630117977277488,
          0.03975114787629861,
          0.015105193534480293,
          0.07665940065944249,
          0.30788326609669914,
          0.009228409373437574,
          0.0069920275172682764,
          0.01121971191288905,
          0.21796263128016538,
          0.0,
          0.3041431590796395,
          0.019421666334254562,
          0.07671323859522772,
          0.0955523585956907,
          0.05535352286596878
        ],
        [
          0.01758061246969405,
          0.35345276578845763,
          0.005489064857624977,
          0.08072576006303053,
          0.13632126878306813,
          0.24903923031011344,
          0.02421676959446734,
          0.003975399767152639,
          0.20332877950875264,
          0.30881594616203,
          0.2835033163001971,
          0.24332782882119033,
          0.3515401029681101,
          0.03546065936848575,
          0.7977608202866416,
          0.02531593843831959,
          0.22435765833199303,
          0.05631864725405495,
          0.10100879555651217,
          0.3041431590796395,
          0.0,
          0.05352575690196589,
          0.023190875488357483,
          0.15351824225249425,
          0.1676008433732083
        ],
        [
          0.04659449945539775,
          0.027911916189525186,
          0.12101116425058495,
          0.08913558311747657,
          0.2051151684412036,
          0.1507021350222141,
          0.12491097304901343,
          0.10120829242653161,
          0.05588604666458891,
          0.19219367886993038,
          0.21465051670820387,
          0.07314573713275367,
          0.1387276298831192,
          0.0210468284568319,
          0.06382157174895967,
          0.6882837555464544,
          0.011541166874393041,
          0.125444417615555,
          0.022246910567638646,
          0.019421666334254562,
          0.05352575690196589,
          0.0,
          0.03390796854401046,
          0.0805336143929792,
          0.17884658400253958
        ],
        [
          0.14011907820213582,
          0.10185676591070954,
          0.19070615186744935,
          0.17339693235648249,
          0.0012752513949191963,
          0.09705996791073473,
          0.1622011970216258,
          0.05542147822608768,
          0.23543087987677438,
          0.10472432443549218,
          0.0946537841463718,
          0.09447608329104404,
          0.07939178223635318,
          0.023719831122453103,
          0.07380464985340632,
          0.017951142615793673,
          0.4079002974302234,
          0.04469953281632571,
          0.008410690359698528,
          0.07671323859522772,
          0.023190875488357483,
          0.03390796854401046,
          0.0,
          0.0359899734606757,
          0.1578144213605188
        ],
        [
          0.09383235511823497,
          0.257412521475136,
          0.023824488700786437,
          0.04535649253204313,
          0.14756291686813466,
          0.07248985870620953,
          0.026436627964620894,
          0.14581475487937887,
          0.105395463622327,
          0.3735613670548922,
          0.27169895628018714,
          0.06383771508327489,
          0.1757592126315949,
          0.12820407114068696,
          0.27690347931980475,
          0.16049410758212682,
          0.10775466329477804,
          0.18906066808791366,
          0.06680349698939196,
          0.0955523585956907,
          0.15351824225249425,
          0.0805336143929792,
          0.0359899734606757,
          0.0,
          0.001814301147118382
        ],
        [
          0.1023238941646131,
          0.03331036315553963,
          0.09760273627478128,
          0.21997067168328377,
          0.004419994673196846,
          0.14218088254556716,
          0.07892118107795931,
          0.09671412065385925,
          0.20742154267951327,
          0.34695917462191117,
          0.3375820700555371,
          0.10583160254824299,
          0.14958568974668457,
          0.034668355436628925,
          0.07778777625541476,
          0.12603700321168804,
          0.02669640935542246,
          0.17693052439616455,
          0.12519431245230303,
          0.05535352286596878,
          0.1676008433732083,
          0.17884658400253958,
          0.1578144213605188,
          0.001814301147118382,
          0.0
        ]
      ]
    },
    {
      "iteration": 20,
      "n_objects": 2,
      "n_blanket_vars": 19,
      "blanket_indices": [
        0,
        1
      ],
      "blanket_f1": 0.0,
      "eigengap": 19.3947,
      "coupling_sparsity": 0.5232,
      "coupling_matrix": [
        [
          0.0,
          0.18879997168779458,
          0.08240948435852678,
          0.18888304176796938,
          0.1615114549333167,
          0.026821017010465978,
          0.058448971714804974,
          0.13671323195848042,
          0.16489389164657905,
          0.08895216443856523,
