{
  "timestamp": "2026-02-07T08:13:12.925792",
  "experiment_name": "dreamer_tb_analysis",
  "config": {
    "latent_dim": 64,
    "state_dim": 8,
    "training_mse": 0.0003745739788214183
  },
  "metrics": {
    "n_clusters_spectral": 1,
    "eigengap": 59.785680256622506,
    "eigenvalues": [
      -3.036084871175725e-14,
      59.78568025662248,
      59.999999999999986,
      60.585786437626886,
      60.999999999999986,
      61.0,
      61.999999999999986,
      61.999999999999986,
      61.999999999999986,
      61.999999999999986,
      61.999999999999986,
      62.00000000000001,
      62.00000000000004,
      62.00000000000004,
      62.53918887281088,
      63.000000000000014,
      63.000000000000014,
      63.00000000000004,
      63.000000000000085,
      63.41421356237309
    ],
    "methods": {
      "gradient": {
        "assignment": [
          0,
          -1,
          0,
          0,
          0,
          0,
          -1,
          0,
          0,
          -1,
          -1,
          0,
          0,
          -1,
          0,
          0,
          0,
          -1,
          -1,
          0,
          0,
          0,
          0,
          0,
          0,
          0,
          -1,
          0,
          0,
          0,
          -1,
          0,
          0,
          0,
          -1,
          0,
          -1,
          0,
          0,
          -1,
          -1,
          0,
          -1,
          -1,
          0,
          -1,
          0,
          0,
          -1,
          -1,
          -1,
          0,
          0,
          0,
          0,
          -1,
          -1,
          0,
          0,
          -1,
          -1,
          0,
          -1,
          0
        ],
        "is_blanket": [
          false,
          true,
          false,
          false,
          false,
          false,
          true,
          false,
          false,
          true,
          true,
          false,
          false,
          true,
          false,
          false,
          false,
          true,
          true,
          false,
          false,
          false,
          false,
          false,
          false,
          false,
          true,
          false,
          false,
          false,
          true,
          false,
          false,
          false,
          true,
          false,
          true,
          false,
          false,
          true,
          true,
          false,
          true,
          true,
          false,
          true,
          false,
          false,
          true,
          true,
          true,
          false,
          false,
          false,
          false,
          true,
          true,
          false,
          false,
          true,
          true,
          false,
          true,
          false
        ],
        "n_blanket": 24,
        "object_sizes": {
          "0": 40
        }
      },
      "coupling": {
        "assignment": [
          -1,
          0,
          -1,
          0,
          -1,
          0,
          0,
          0,
          -1,
          0,
          -1,
          -1,
          0,
          -1,
          -1,
          0,
          0,
          0,
          0,
          -1,
          -1,
          0,
          0,
          -1,
          -1,
          0,
          0,
          -1,
          -1,
          -1,
          -1,
          -1,
          -1,
          -1,
          0,
          0,
          0,
          0,
          -1,
          0,
          0,
          -1,
          0,
          0,
          -1,
          -1,
          -1,
          0,
          0,
          0,
          0,
          0,
          -1,
          -1,
          0,
          -1,
          0,
          -1,
          0,
          0,
          0,
          0,
          0,
          0
        ],
        "is_blanket": [
          true,
          false,
          true,
          false,
          true,
          false,
          false,
          false,
          true,
          false,
          true,
          true,
          false,
          true,
          true,
          false,
          false,
          false,
          false,
          true,
          true,
          false,
          false,
          true,
          true,
          false,
          false,
          true,
          true,
          true,
          true,
          true,
          true,
          true,
          false,
          false,
          false,
          false,
          true,
          false,
          false,
          true,
          false,
          false,
          true,
          true,
          true,
          false,
          false,
          false,
          false,
          false,
          true,
          true,
          false,
          true,
          false,
          true,
          false,
          false,
          false,
          false,
          false,
          false
        ],
        "n_blanket": 28,
        "object_sizes": {
          "0": 36
        }
      },
      "hybrid": {
        "assignment": [
          0,
          -1,
          0,
          0,
          0,
          0,
          -1,
          0,
          0,
          -1,
          -1,
          0,
          0,
          -1,
          0,
          0,
          0,
          -1,
          -1,
          0,
          0,
          0,
          0,
          0,
          0,
          0,
          -1,
          0,
          0,
          0,
          -1,
          0,
          0,
          0,
          -1,
          0,
          -1,
          0,
          0,
          -1,
          -1,
          0,
          -1,
          -1,
          0,
          -1,
          0,
          0,
          -1,
          -1,
          -1,
          0,
          0,
          0,
          0,
          -1,
          -1,
          0,
          0,
          -1,
          -1,
          0,
          -1,
          0
        ],
        "is_blanket": [
          false,
          true,
          false,
          false,
          false,
          false,
          true,
          false,
          false,
          true,
          true,
          false,
          false,
          true,
          false,
          false,
          false,
          true,
          true,
          false,
          false,
          false,
          false,
          false,
          false,
          false,
          true,
          false,
          false,
          false,
          true,
          false,
          false,
          false,
          true,
          false,
          true,
          false,
          false,
          true,
          true,
          false,
          true,
          true,
          false,
          true,
          false,
          false,
          true,
          true,
          true,
          false,
          false,
          false,
          false,
          true,
          true,
          false,
          false,
          true,
          true,
          false,
          true,
          false
        ],
        "n_blanket": 24,
        "object_sizes": {
          "0": 40
        }
      }
    },
    "hierarchy": [
      {
        "level": 0,
        "internals": [
          0,
          1,
          2,
          3,
          4,
          5,
          6,
          7,
          8,
          9,
          10,
          11,
          12,
          13,
          15,
          16,
          17,
          18,
          19,
          20,
          21,
          22,
          23,
          24,
          25,
          26,
          27,
          28,
          29,
          30,
          31,
          32,
          33,
          34,
          35,
          36,
          37,
          38,
          39,
          40,
          41,
          42,
          43,
          44,
          45,
          46,
          47,
          48,
          49,
          50,
          51,
          52,
          53,
          54,
          55,
          56,
          57,
          58,
          59,
          60,
          61,
          62,
          63
        ],
        "blanket": [
          14
        ],
        "external": [],
        "eigengap": 59.785680256622506,
        "n_vars": 64,
        "eigvals": [
          -3.036084871175725e-14,
          59.78568025662248,
          59.999999999999986,
          60.585786437626886
        ]
      },
      {
        "level": 1,
        "internals": [
          0,
          1,
          2,
          3,
          4,
          5,
          6,
          7,
          8,
          9,
          10,
          11,
          13,
          15,
          16,
          17,
          18,
          19,
          20,
          21,
          22,
          23,
          24,
          25,
          26,
          27,
          28,
          29,
          30,
          31,
          32,
          33,
          34,
          35,
          36,
          37,
          38,
          39,
          40,
          41,
          42,
          43,
          44,
          45,
          46,
          47,
          48,
          49,
          50,
          51,
          52,
          53,
          54,
          55,
          56,
          57,
          58,
          59,
          60,
          61,
          62,
          63
        ],
        "blanket": [
          12
        ],
        "external": [],
        "eigengap": 58.7856802566225,
        "n_vars": 63,
        "eigvals": [
          -3.7788698667460863e-14,
          58.78568025662246,
          59.58578643762685,
          59.999999999999986
        ]
      },
      {
        "level": 2,
        "internals": [
          1,
          2,
          3,
          4,
          5,
          6,
          7,
          8,
          9,
          10,
          11,
          13,
          15,
          16,
          17,
          18,
          19,
          20,
          21,
          22,
          23,
          24,
          25,
          26,
          27,
          28,
          29,
          30,
          31,
          32,
          33,
          34,
          35,
          36,
          37,
          38,
          39,
          40,
          41,
          42,
          43,
          44,
          45,
          46,
          47,
          48,
          49,
          50,
          51,
          52,
          53,
          54,
          55,
          56,
          57,
          58,
          59,
          60,
          61,
          62,
          63
        ],
        "blanket": [
          0
        ],
        "external": [],
        "eigengap": 58.58578643762684,
        "n_vars": 62,
        "eigvals": [
          6.394884621840902e-14,
          58.5857864376269,
          59.0,
          59.00000000000002
        ]
      }
    ],
    "coupling_matrix": [
      [
        0.0,
        0.5044285281627097,
        0.2723574931454597,
        0.3189879969202758,
        0.44598758070437566,
        0.1273837616665685,
        0.44530653002200815,
        0.10386413410309521,
        0.2791931095919933,
        0.6350715451101566,
        0.5092681375074743,
        0.05450139015208817,
        0.6175946836007566,
        0.5947888407775174,
        0.11193624099298612,
        0.6264701049315272,
        0.17409121366589086,
        0.11669427254241571,
        0.38081285820040867,
        0.2593355540723245,
        0.5505499812170596,
        0.23900314835099523,
        0.5039454663069328,
        0.29206059471390894,
        0.3471690927399979,
        0.08196141952386635,
        0.018059116280429697,
        0.008006405591590996,
        0.08857936367615417,
        0.063882434663185,
        0.33179517874558356,
        0.3757059521950461,
        0.19007641576589918,
        0.09298870732147585,
        0.3511883917099315,
        0.22001915075796927,
        0.34871179999045704,
        0.07327965989279624,
        0.36254403110162486,
        0.14435078361857248,
        0.034501267274168565,
        0.09736896301839511,
        0.004181518657153327,
        0.07102448059360429,
        0.3735623309201574,
        0.13156358227983087,
        0.3775647082049414,
        0.568403338242235,
        0.12080595576701804,
        0.28564504301935856,
        0.2978412075212549,
        0.16664529925427557,
        0.37385201396570317,
        0.14837713857809925,
        0.20322997314229124,
        0.7220889750855293,
        0.09508386135932458,
        0.0282324730538407,
        0.3550259641763537,
        0.15155174341072344,
        0.09888279079108907,
        0.13056210770805804,
        0.24869817043538345,
        0.4979522640703212
      ],
      [
        0.5044285281627097,
        0.0,
        0.28191028702999515,
        0.5203053967395562,
        0.22798996791732934,
        0.5894321559087318,
        0.9339906559612505,
        0.7451972461013702,
        0.4303126818280035,
        0.6015880303433562,
        0.41913729995915183,
        0.3080847706457915,
        0.9158551937292175,
        0.5523731433987105,
        0.026995803357244885,
        0.3676207391953512,
        0.8214300928048698,
        0.8524413229891776,
        0.7867101340552763,
        0.3003277076945536,
        0.018038192474273452,
        0.8278863834691814,
        0.6057521509689674,
        0.024789088269578364,
        0.33293705388031836,
        0.2637385605677279,
        0.702800947578408,
        0.06361943432440921,
        0.4875933462174622,
        0.41831372333999084,
        0.07732376476985661,
        0.07931869849564865,
        0.20941784068200245,
        0.16634531075119113,
        0.7346318135799612,
        0.299921090793216,
        0.9485291166084179,
        0.7551058455313552,
        0.051079441598512014,
        0.8128208239372516,
        0.6763666644458881,
        0.2133125417753967,
        0.6416354894747108,
        0.752054099003512,
        0.22843733274825995,
        0.2543535437294089,
        0.3524510005839989,
        0.8479398865036967,
        0.7995866905859864,
        0.8361465034136885,
        0.8874833853145204,
        0.34250015190141886,
        0.26014592527717995,
        0.22624686485696394,
        0.5404853164099943,
        0.28576484227030147,
        0.8799049769687612,
        0.2714028218270569,
        0.8630965151774311,
        0.49587828993265975,
        0.8830254980397891,
        0.7274109399248792,
        0.688534473559706,
        0.485301147718681
      ],
      [
        0.2723574931454597,
        0.28191028702999515,
        0.0,
        0.28440967552953395,
        0.11577513825462377,
        0.12634388404747782,
        0.0665855432089847,
        0.09306228766282787,
        0.4948617648611065,
        0.02819837724560698,
        0.7110219906790509,
        0.4408564492858725,
        0.35495306524721815,
        0.8312379788674604,
        0.008242446910649756,
        0.024598233917011256,
        0.20454682948894878,
        0.1215529202081571,
        0.31385897671891855,
        0.602929009775685,
        0.4308509658591235,
        0.15859475530302042,
        0.3655401117260622,
        0.19204716164335162,
        0.6488292291007549,
        0.07262720176812945,
        0.09440345191914802,
        0.27139880593599874,
        0.3681853470439515,
        0.5437177513502607,
        0.3841511444769348,
        0.6494024508170995,
        0.714943071765253,
        0.5177701534901872,
        0.041693747958136,
        0.46508180401323024,
        0.1491537474143908,
        0.11177894904802012,
        0.5079618020119416,
        0.4414670162282477,
        0.38201101213142225,
        0.6292157602261821,
        0.018032540196020234,
        0.07370699205501306,
        0.5582695468180641,
        0.5565741722239179,
        0.5295360727884276,
        0.2775885523198015,
        0.2969774926022685,
        0.16385464330448354,
        0.17920874331152858,
        0.020789338092752213,
        0.3229441308958089,
        0.44363537048805696,
        0.30834101262606395,
        0.5407327366177719,
        0.18480882012247493,
        0.24072022950897617,
        0.4679368841825906,
        0.034760642953806035,
        0.23239419308649156,
        0.2829354937848842,
        0.18380284515187623,
        0.2704757051581047
      ],
      [
        0.3189879969202758,
        0.5203053967395562,
        0.28440967552953395,
        0.0,
        0.25144803749649003,
        0.17140480559261984,
        0.6321593754204092,
        0.6004598544029078,
        0.10316079139766732,
        0.4928748527984798,
        0.34113508225798067,
        0.28590580921193903,
        0.6080468857253085,
        0.4956788280973991,
        0.565942224857161,
        0.0727847850980469,
        0.6416932514905541,
        0.47659019808545416,
        0.7131290792146876,
        0.12724331623744345,
        0.4800036718497469,
        0.25612512369997725,
        0.06910336757022474,
        0.3301841110240861,
        0.05110759752332182,
        0.593256516705883,
        0.18644616704768727,
        0.09960009137339453,
        0.3830992954672729,
        0.29013895032454223,
        0.5205005227863247,
        0.4710353209149998,
        0.17228403369369655,
        0.7283109236828189,
        0.2050271547941471,
        0.5518728874793851,
        0.4618222238425467,
        0.4203449910789521,
        0.3900688626261459,
        0.7517712416980438,
        0.28558157275332474,
        0.03724146409097871,
        0.3974185838862935,
        0.42949952927659657,
        0.11631414423621862,
        0.11799132342141179,
        0.04430312608507642,
        0.2196351324914388,
        0.5462497372992715,
        0.8128126852031535,
        0.34946997464659035,
        0.2605107773559124,
        0.2785718027887483,
        0.5108118524544426,
        0.2959829068167119,
        0.5480415150447342,
        0.4268711566737549,
        0.3609826448689263,
        0.6250651665047924,
        0.7003223553386806,
        0.39257844817917426,
        0.08073865248585614,
        0.4907929034777158,
        0.4367226389837446
      ],
      [
        0.44598758070437566,
        0.22798996791732934,
        0.11577513825462377,
        0.25144803749649003,
        0.0,
        0.418691516341023,
        0.23094535405426683,
        0.10776572893177183,
        0.238585511289542,
        0.17348655216534076,
        0.12247443962795772,
        0.11980143156399806,
        0.2030489617483905,
        0.38845921048766247,
        0.2853648579322993,
        0.60105654628423,
        0.28319717582916737,
        0.018030232627257666,
        0.07949022608088185,
        0.11376554560906636,
        0.08902492917775835,
        0.156132767679852,
        0.14908989426989327,
        0.13044985053672123,
        0.1840184474102174,
        0.014865873192215046,
        0.2006134853477377,
        0.08604666946653387,
        0.05581166164563776,
        0.22052151089655808,
        0.5787491370051074,
        0.09354884403171344,
        0.14327168346037353,
        0.17450564962136852,
        0.1041161455211937,
        0.04438041134324727,
        0.30748062308034196,
        0.1430156036292235,
        0.1854119886782356,
        0.08170715366663535,
        0.042122075074334485,
        0.05011538398858083,
        0.1730432625425579,
        0.06727805920306579,
        0.07088237605818601,
        0.1501282200047406,
        0.31237889177637035,
        0.04806785903467349,
        0.276121627546641,
        0.1734751318011443,
        0.08113810633733406,
        0.14107928657304494,
        0.1750934379212645,
        0.10194770433288838,
        0.3175878804176425,
        0.4047205691257704,
        0.06426099940977852,
        0.05665832086018262,
        0.2689483276533862,
        0.26732381573624314,
        0.10235518873642824,
        0.26500893405334713,
        0.17688778445497805,
        0.6009630515623413
      ],
      [
        0.1273837616665685,
        0.5894321559087318,
        0.12634388404747782,
        0.17140480559261984,
        0.418691516341023,
        0.0,
        0.6361649111798948,
        0.6342391126950134,
        0.7910338438339963,
        0.2636273952338651,
        0.15878084279539853,
        0.6684772287899664,
        0.41551193966642264,
        0.14212836820990316,
        0.057629208193563576,
        0.09511193193346945,
        0.6197944800120506,
        0.8229686158106237,
        0.6584506792404254,
        0.7078043429583684,
        0.45294077217194656,
        0.7214483940118236,
        0.3875743053584302,
        0.3168162684437765,
        0.09555923808635637,
        0.26041386479378975,
        0.6471286416267396,
        0.06426812877027659,
        0.6365263028315761,
        0.5187615237114078,
        0.6433307018471384,
        0.4536120356587253,
        0.5942075226262221,
        0.18201695225817616,
        0.7926987232556293,
        0.24799265099291104,
        0.6109406197751007,
        0.8208719729923508,
        0.4814221740779643,
        0.5624150393109264,
        0.7840995318035243,
        0.007664534972613494,
        0.7033582069922709,
        0.8268507545922865,
        0.5979605174892613,
        0.5434978346271763,
        0.8133377100900379,
        0.570995655423515,
        0.7286904183877675,
        0.5204266257317912,
        0.6980533868054911,
        0.5088892391829777,
        0.6991782325251558,
        0.3624117886155275,
        0.8880164120117036,
        0.4094637080780004,
        0.730870221305246,
        0.4675113075053772,
        0.4638695868311645,
        0.45086654315639485,
        0.7823235227424875,
        0.7838865609623639,
        0.6284206491484807,
        0.15376142706667445
      ],
      [
        0.44530653002200815,
        0.9339906559612505,
        0.0665855432089847,
        0.6321593754204092,
        0.23094535405426683,
        0.6361649111798948,
        0.0,
        0.7986350728034233,
        0.5087722624564499,
        0.6083353891632379,
        0.21319675011358896,
        0.33374325517063574,
        0.8553696600822621,
        0.38171260356957454,
        0.13514002541393721,
        0.2938899552977451,
        0.8676694450298917,
        0.8816134231479514,
        0.8374454235471932,
        0.5077675258356141,
        0.011267269460216518,
        0.8562318627834534,
        0.6239682970544457,
        0.20312129335199947,
        0.14394468211385686,
        0.38386110360934966,
        0.7448709699043992,
        0.206473342994615,
        0.6852473503677973,
        0.6069699199845314,
        0.01829267298292878,
        0.15338680484774828,
        0.4459129400205753,
        0.2259062021060284,
        0.7069737465570944,
        0.2734264803488846,
        0.934153501304192,
        0.8464395679107372,
        0.3314907712508519,
        0.8072781731308556,
        0.797374837806457,
        0.002401608906423467,
        0.7444900039224301,
        0.8556942274474566,
        0.35584836964552846,
        0.47179962989569296,
        0.47042581866458494,
        0.7333452631445804,
        0.7720213570279553,
        0.8950930573215019,
        0.8156299092662671,
        0.40296538393708864,
        0.4526818421611341,
        0.19911200194431483,
        0.6821717504059075,
        0.20254532460252347,
        0.8559410706532904,
        0.28229825230967137,
        0.8022070045814198,
        0.6467911457517858,
        0.8230135735894676,
        0.6247975363163207,
        0.842183814650926,
        0.6013198656865271
      ],
      [
        0.10386413410309521,
        0.7451972461013702,
        0.09306228766282787,
        0.6004598544029078,
        0.10776572893177183,
        0.6342391126950134,
        0.7986350728034233,
        0.0,
        0.4649479388615028,
        0.26065089899689764,
        0.23043754370577074,
        0.3911883615617242,
        0.7287770042936909,
        0.2948981743245653,
        0.032976769956549794,
        0.044597683779027134,
        0.8053846752695941,
        0.7488327251380168,
        0.6747449652432124,
        0.4685039895651409,
        0.16431600255112117,
        0.7662579526764545,
        0.2601754221135612,
        0.04904961360859686,
        0.12831712079428356,
        0.15264207631374974,
        0.7150540794149991,
        0.028516673017110895,
        0.4952865811379111,
        0.4477996877135415,
        0.04073002614390651,
        0.15669048307289632,
        0.36702052336498125,
        0.3988679707760138,
        0.5950830671442249,
        0.37705095226646296,
        0.7411519920264666,
        0.8043698231176107,
        0.4420201708659051,
        0.7928229163300378,
        0.7448189849017882,
        0.35073571360675393,
        0.6987646793365682,
        0.7790859049067822,
        0.341167863725741,
        0.32797455796137504,
        0.4682856535031396,
        0.5381501024296675,
        0.6901847321711869,
        0.764071788439318,
        0.5556960204422448,
        0.6901578639950917,
        0.4575616461231301,
        0.24544900476994097,
        0.6128787515329452,
        0.1092551922036478,
        0.7587262178037081,
        0.12808050332274906,
        0.5759918950461845,
        0.6785904701614607,
        0.7220840898026434,
        0.5578082762914478,
        0.7784813573404349,
        0.4717499888266709
      ],
      [
        0.2791931095919933,
        0.4303126818280035,
        0.4948617648611065,
        0.10316079139766732,
        0.238585511289542,
        0.7910338438339963,
        0.5087722624564499,
        0.4649479388615028,
        0.0,
        0.05729197004811735,
        0.4927161481076367,
        0.7500609309482943,
        0.20255181167671207,
        0.40221697172908866,
        0.049808321328657,
        0.06284558523997125,
        0.47836428533402847,
        0.6765709824327383,
        0.317885412260638,
        0.8688882898691119,
        0.6959665108908499,
        0.7688452855332849,
        0.5415784462946004,
        0.271629043112119,
        0.17645188125960545,
        0.044878948501195094,
        0.7486390190071656,
        0.3272720421699317,
        0.7216511552711379,
        0.6983731794258455,
        0.7071250328564966,
        0.8419889637474712,
        0.6930240512210328,
        0.25998895949423023,
        0.5730147245147608,
        0.10219751375717372,
        0.5659664631808671,
        0.7562948661661139,
        0.5394131841310769,
        0.3080103808779829,
        0.8814720996992624,
        0.13631267526910604,
        0.6319634028523814,
        0.7402423993663694,
        0.7550126091952243,
        0.7340527742309874,
        0.9584411710885392,
        0.34422012809408103,
        0.4783524265399529,
        0.3357990585259065,
        0.5700504166572812,
        0.3332434497449868,
        0.7219107236756841,
        0.6916648801628298,
        0.8306067148635683,
        0.6708139589714323,
        0.6418821585851484,
        0.6621421615783943,
        0.22201260728630992,
        0.37408517075029424,
        0.6147825056386805,
        0.6109993077244802,
        0.6254985371312691,
        0.18077151568182412
      ],
      [
        0.6350715451101566,
        0.6015880303433562,
        0.02819837724560698,
        0.4928748527984798,
        0.17348655216534076,
        0.2636273952338651,
        0.6083353891632379,
        0.26065089899689764,
        0.05729197004811735,
        0.0,
        0.35369868445196967,
        0.11371761447723537,
        0.6180169653225378,
        0.2606952658563541,
        0.3519418668393665,
        0.640395201218867,
        0.3914261829269917,
        0.40400553601568706,
        0.5777251028394086,
        0.0863537501363441,
        0.22894513589247373,
        0.4073715880183699,
        0.6580884503931933,
        0.049487381781090294,
        0.17245832449319123,
        0.41320969979914207,
        0.027690311781615608,
        0.1322065496468181,
        0.21999877247076294,
        0.3397031233411122,
        0.011524356826275079,
        0.2788809632703735,
        0.25576262312915593,
        0.10552696466127182,
        0.6027673512081938,
        0.13953787243607488,
        0.4792994999844658,
        0.2586640452139933,
        0.05069415911536878,
        0.3734621163482681,
        0.2911454022647933,
        0.31671721962092564,
        0.15231614745141073,
        0.30044372689475185,
        0.0027580591409073142,
        0.09398116663548949,
        0.025599343858820574,
        0.5230259922172297,
        0.39197379663072185,
        0.6320310364183023,
        0.5961141971276136,
        0.0363902041616091,
        0.004592988293728399,
        0.2032470904283092,
        0.31711419401313856,
        0.49224045849625025,
        0.311854124916595,
        0.21153629442058933,
        0.5763645603814979,
        0.3061203058202213,
        0.41367440776437325,
        0.1385734495420834,
        0.24245930182299552,
        0.6165287616881681
      ],
      [
        0.5092681375074743,
        0.41913729995915183,
        0.7110219906790509,
        0.34113508225798067,
        0.12247443962795772,
        0.15878084279539853,
        0.21319675011358896,
        0.23043754370577074,
        0.4927161481076367,
        0.35369868445196967,
        0.0,
        0.3946464063312666,
        0.6114364460852054,
        0.7986257753105305,
        0.031185836392837632,
        0.19458885054099434,
        0.11413398994521905,
        0.03282120630621636,
        0.2737961589733836,
        0.6698858084103639,
        0.5007460468274384,
        0.016554891080285628,
        0.05421372686799134,
        0.4690958012863256,
        0.5048580863209531,
        0.0884235020246761,
        0.13472496859661393,
        0.45580170953682564,
        0.4657286911237267,
        0.4819909210362567,
        0.36421057267183726,
        0.6477380328639216,
        0.560545385747543,
        0.3130446229561757,
        0.11419095428118053,
        0.3853812375763177,
        0.21128091662966508,
        0.043000626310643615,
        0.6109216090690339,
        0.3571775971637454,
        0.2782204330776686,
        0.5770850883878863,
        0.20331705508765252,
        0.17494285533751763,
        0.4782521924098752,
        0.7328735057915567,
        0.5464634900313247,
        0.5046309420874784,
        0.29834588877039087,
        0.3185798824903356,
        0.2586545956958914,
        0.07302757826950186,
        0.6127219710176129,
        0.29885087182715997,
        0.2852869377620459,
        0.7816434371405622,
        0.169590575379606,
        0.4812343421811982,
        0.41721034667177376,
        0.10435023445849398,
        0.26670183155647464,
        0.13828770055398415,
        0.1592222399585336,
        0.0059724012452581025
      ],
      [
        0.05450139015208817,
        0.3080847706457915,
        0.4408564492858725,
        0.28590580921193903,
        0.11980143156399806,
        0.6684772287899664,
        0.33374325517063574,
        0.3911883615617242,
        0.7500609309482943,
        0.11371761447723537,
        0.3946464063312666,
        0.0,
        0.12120529379858458,
        0.4436024124273178,
        0.445475976862861,
        0.2958247538676302,
        0.27356491432276275,
        0.4273051010607963,
        0.13718924872236668,
        0.681813773644568,
        0.7213382167485373,
        0.6870544287857998,
        0.5649084276885111,
        0.0012780913276941295,
        0.16848773140028803,
        0.1887237071602175,
        0.5433070390780462,
        0.10665671464584332,
        0.39967078495394853,
        0.511409559704203,
        0.7500846591205779,
        0.7009628026472406,
        0.5738918814438433,
        0.36632997445616877,
        0.7148903568318321,
        0.31475490897036884,
        0.36530225847089326,
        0.46632625136473727,
        0.28688840645620284,
        0.020355555772842978,
        0.6623464445021611,
        0.14116415718961076,
        0.5043111115064366,
        0.5731751211159121,
        0.6045844139533104,
        0.5985667060071249,
        0.7337313859636871,
        0.325355904122541,
        0.16607316858045695,
        0.07359942096500786,
        0.3342501758411073,
        0.5472154389752085,
        0.4827761643121236,
        0.7201473829602771,
        0.5402249795318329,
        0.5354773551364435,
        0.33858446091581257,
        0.6382605506909989,
        0.012493805268768724,
        0.12910198995584327,
        0.34415805595041005,
        0.49573868511894686,
        0.474435956920576,
        0.37603553334863854
      ],
      [
        0.6175946836007566,
        0.9158551937292175,
        0.35495306524721815,
        0.6080468857253085,
        0.2030489617483905,
        0.41551193966642264,
        0.8553696600822621,
        0.7287770042936909,
        0.20255181167671207,
        0.6180169653225378,
        0.6114364460852054,
        0.12120529379858458,
        0.0,
        0.6704245847197426,
        0.1376745498395018,
        0.30818565097286604,
        0.6830411939769243,
        0.6622358863486753,
        0.7756373327886387,
        0.08459213103960983,
        0.24368723870133918,
        0.7002992649153346,
        0.5060241995941661,
        0.17476518272663025,
        0.3813161877858654,
        0.15036944747685088,
        0.49918319112210613,
        0.00360713917306618,
        0.2527206375655214,
        0.19054372042805298,
        0.11140078942452934,
        0.16208377178208014,
        0.04592124492771835,
        0.2443364741659521,
        0.619482239669869,
        0.25208139808255214,
        0.7930634473208357,
        0.6538814310129416,
        0.015064860331042559,
        0.7681832373544062,
        0.4887907610813839,
        0.3105380098678188,
        0.41429554776887817,
        0.5498217398079833,
        0.030914466861917473,
        0.0021111789614063343,
        0.10628224732442507,
        0.8319814177367617,
        0.7473764948244463,
        0.7975518353345177,
        0.7384258223841373,
        0.20308564643644209,
        0.041227778335158435,
        0.04427231653614128,
        0.3756288281325793,
        0.5327724865904659,
        0.7166435032828552,
        0.00912832707936308,
        0.748650151204555,
        0.3602120750189582,
        0.7397224359568609,
        0.5878451631500541,
        0.614717881775175,
        0.4363856130709868
      ],
      [
        0.5947888407775174,
        0.5523731433987105,
        0.8312379788674604,
        0.4956788280973991,
        0.38845921048766247,
        0.14212836820990316,
        0.38171260356957454,
        0.2948981743245653,
        0.40221697172908866,
        0.2606952658563541,
        0.7986257753105305,
        0.4436024124273178,
        0.6704245847197426,
        0.0,
        0.03742439357065897,
        0.1914535857923699,
        0.37693684333330907,
        0.2440926524119533,
        0.4564871246397512,
        0.518152714702467,
        0.5751331402668634,
        0.10643550634423485,
        0.0701682259594113,
        0.30343072407462934,
        0.7085348391282297,
        0.1371754896558139,
        0.09618162992136306,
        0.020883038977120568,
        0.2191289147386258,
        0.3519936503573174,
        0.5445286554886254,
        0.5841143936231524,
        0.6104273435243079,
        0.3587173829683378,
        0.06422203107895294,
        0.322415422834665,
        0.4122657983215754,
        0.11666678544106769,
        0.4442404862621138,
        0.5657362528659419,
        0.1546186012003484,
        0.5584993499311113,
        0.04145822130354133,
        0.060847654195039,
        0.5350372502667476,
        0.4419679075769598,
        0.5062604489598103,
        0.5033154504739156,
        0.386115360988902,
        0.40185909205250253,
        0.34481097535798516,
        0.09496844218894891,
        0.3816118734769958,
        0.325233568233433,
        0.24708357442863094,
        0.7710367232832493,
        0.3519938305956155,
        0.2227860624337768,
        0.6186410933811077,
        0.06187129741096089,
        0.3453464717809522,
        0.3019206789570727,
        0.11543402308196975,
        0.04916936702451884
      ],
      [
        0.11193624099298612,
        0.026995803357244885,
        0.008242446910649756,
        0.565942224857161,
        0.2853648579322993,
        0.057629208193563576,
        0.13514002541393721,
        0.032976769956549794,
        0.049808321328657,
        0.3519418668393665,
        0.031185836392837632,
        0.445475976862861,
        0.1376745498395018,
        0.03742439357065897,
        0.0,
        0.2864353163161849,
        0.12344061259089731,
        0.1235605721219047,
        0.38245377040116046,
        0.05268943962886314,
        0.42019560080596374,
        0.12440660084878813,
        0.02091957636351825,
        0.34616569222049776,
        0.34456675029744843,
        0.5053905794234052,
        0.2688661774429297,
        0.23424944725436136,
        0.18230774938852343,
        0.07857360635138588,
        0.19321391177623176,
        0.3727963918842973,
        0.1485560813087131,
        0.49761862750847685,
        0.12336660588086619,
        0.33219768519469844,
        0.03325709807608963,
        0.14440037573288944,
        0.3901645494210701,
        0.36580592194432754,
        0.025297370314609893,
        0.16396943449355797,
        0.1384338066034687,
        0.01672822831961731,
        0.21470791081114932,
        0.05356652910783532,
        0.004601396843590395,
        0.12054613248530506,
        0.3903992927574029,
        0.4293194777926229,
        0.20036854145141772,
        0.3194701657710468,
        0.1997403011213186,
        0.6347602736575901,
        0.2889128927189536,
        0.22119132863535268,
        0.06747692182413324,
        0.5830006169376826,
        0.22641222231184072,
        0.33889289440460346,
        0.13350957212159703,
        0.14369513499250802,
        0.007385561152412158,
        0.10016446482310205
      ],
      [
        0.6264701049315272,
        0.3676207391953512,
        0.024598233917011256,
        0.0727847850980469,
        0.60105654628423,
        0.09511193193346945,
        0.2938899552977451,
        0.044597683779027134,
        0.06284558523997125,
        0.640395201218867,
        0.19458885054099434,
        0.2958247538676302,
        0.30818565097286604,
        0.1914535857923699,
        0.2864353163161849,
        0.0,
        0.2183769588006824,
        0.09232585128003366,
        0.08437048656570714,
        0.03352390644789357,
        0.07109788847701064,
        0.31581518280203347,
        0.5837591259581518,
        0.20081725183099117,
        0.055537727974030546,
        0.015479374374828199,
        0.03193974885201757,
        0.30896886624973996,
        0.01953780237264178,
        0.2548077298189734,
        0.022312292547226165,
        0.09240220688898493,
        0.02083389392321963,
        0.2807498604014659,
        0.4457466200094906,
        0.19868857971833598,
        0.3256905925376717,
        0.12656145036027874,
        0.336197823126625,
        0.017821926307171887,
        0.100888079031973,
        0.22588898150563677,
        0.10737318861583488,
        0.12396871035308268,
        0.03135591665464974,
        0.11511536553984829,
        0.14285743402664544,
        0.256714996942668,
        0.1390014558932833,
        0.1860563591866048,
        0.21369449639697738,
        0.17027886798466507,
        0.17789757382062363,
        0.13091401704302863,
        0.11212364251699167,
        0.34800280160797764,
        0.039296749714221,
        0.0705769150195326,
        0.27179017728679644,
        0.08189402582021764,
        0.04649074885096601,
        0.052270690147145894,
        0.07247828399252625,
        0.7243253609133615
      ],
      [
        0.17409121366589086,
        0.8214300928048698,
