{
  "timestamp": "2026-02-08T08:28:34.060180",
  "experiment_name": "eigengap_trajectory",
  "config": {
    "n_train_episodes": 300,
    "checkpoint_interval": 25,
    "n_collect_episodes": 20,
    "n_ensemble": 5,
    "hidden_dim": 256,
    "seed": 42,
    "checkpoint_episodes": [
      25,
      50,
      75,
      100,
      125,
      150,
      175,
      200,
      225,
      250,
      275,
      300
    ]
  },
  "metrics": {
    "trajectory_summary": {
      "episodes": [
        0,
        25,
        50,
        75,
        100,
        125,
        150,
        175,
        200,
        225,
        250,
        275,
        300
      ],
      "eigengaps": [
        4.999999999999996,
        7.999999999999994,
        7.999999999999994,
        7.999999999999994,
        7.999999999999994,
        7.999999999999994,
        7.999999999999994,
        5.999999999999998,
        7.999999999999994,
        7.999999999999994,
        7.999999999999994,
        5.999999999999995,
        7.999999999999994
      ],
      "n_objects": [
        2,
        2,
        2,
        2,
        2,
        2,
        2,
        2,
        2,
        2,
        2,
        2,
        2
      ],
      "blanket_sizes": [
        2,
        3,
        2,
        2,
        3,
        5,
        2,
        2,
        2,
        3,
        3,
        3,
        2
      ],
      "coupling_frobenius": [
        1.8820414003089934,
        3.966542765519576,
        3.456896891605472,
        4.066204870848864,
        3.187618655324452,
        2.8965689167511903,
        3.0912338943008377,
        3.008579637050947,
        3.0059627485221556,
        3.128013289122094,
        3.212592692657517,
        3.0494580063043744,
        3.124161189253546
      ],
      "mean_returns": [
        0.0,
        -490.6055395317902,
        -220.84500256399525,
        -192.56547607719529,
        -137.99065956536649,
        -107.54105986045825,
        -118.95881307907602,
        -99.64817071800546,
        -180.2509248609584,
        -168.7810265057959,
        -192.930606430864,
        -238.1333306199346,
        -239.13071717670545
      ],
      "mean_losses": [
        0.0,
        0.803963718811671,
        0.0,
        0.0,
        0.0,
        0.0,
        0.0,
        0.0,
        0.0,
        0.0,
        0.0,
        0.0,
        0.0
      ]
    },
    "checkpoint_metrics": [
      {
        "eigengap": 4.999999999999996,
        "n_clusters_spectral": 1,
        "n_objects": 2,
        "blanket_size": 2,
        "coupling_frobenius": 1.8820414003089934,
        "coupling_matrix": [
          [
            0.0,
            0.0658587329293259,
            0.06644926651194054,
            0.09538062283219145,
            0.06226333327408335,
            0.23403445360796504,
            0.16358195496357503,
            0.007131313460607817
          ],
          [
            0.0658587329293259,
            0.0,
            0.05303074566534562,
            0.4935402003650168,
            0.12143090098985551,
            0.04406393192898363,
            0.20509960056335763,
            0.4132458196698472
          ],
          [
            0.06644926651194054,
            0.05303074566534562,
            0.0,
            0.3926797600849383,
            0.15370266511035693,
            0.40312852942202215,
            0.5182405569327079,
            0.0017390898183119604
          ],
          [
            0.09538062283219145,
            0.4935402003650168,
            0.3926797600849383,
            0.0,
            0.21606070321659598,
            0.2996707952818041,
            0.19493400130708857,
            0.5109894473707042
          ],
          [
            0.06226333327408335,
            0.12143090098985551,
            0.15370266511035693,
            0.21606070321659598,
            0.0,
            0.14270690646496856,
            0.20558651361355992,
            0.011689980689179008
          ],
          [
            0.23403445360796504,
            0.04406393192898363,
            0.40312852942202215,
            0.2996707952818041,
            0.14270690646496856,
            0.0,
            0.18477693795040484,
            0.07511387913413559
          ],
          [
            0.16358195496357503,
            0.20509960056335763,
            0.5182405569327079,
            0.19493400130708857,
            0.20558651361355992,
            0.18477693795040484,
            0.0,
            0.21155171648853943
          ],
          [
            0.007131313460607817,
            0.4132458196698472,
            0.0017390898183119604,
            0.5109894473707042,
            0.011689980689179008,
            0.07511387913413559,
            0.21155171648853943,
            0.0
          ]
        ],
        "assignment": [
          -1,
          0,
          1,
          0,
          1,
          -1,
          1,
          0
        ],
        "is_blanket": [
          true,
          false,
          false,
          false,
          false,
          true,
          false,
          false
        ],
        "eigenvalues": [
          7.105427357601002e-15,
          5.000000000000003,
          7.000000000000001,
          7.999999999999989,
          8.0,
          8.0,
          8.0,
          8.000000000000002
        ],
        "object_dims": {
          "0": [
            "y",
            "vy",
            "right_leg"
          ],
          "1": [
            "vx",
            "angle",
            "left_leg"
          ]
        },
        "blanket_dims": [
          "x",
          "ang_vel"
        ],
        "hessian_est": [
          [
            0.0007442268845437505,
            5.266238469759747e-05,
            -7.341916768680984e-05,
            9.679857795352822e-05,
            -4.33406192328267e-05,
            0.00018316415065256257,
            0.0001727936605867872,
            7.861004623256252e-06
          ],
          [
            5.266238469759747e-05,
            0.0008591486883267261,
            -6.295474608213923e-05,
            0.0005381617583869499,
            -9.08183149906652e-05,
            -3.705317301643833e-05,
            0.00023277626904793204,
            0.000489438886529744
          ],
          [
            -7.341916768680984e-05,
            -6.295474608213923e-05,
            0.0016403353471500272,
            0.0005916446377367352,
            -0.00015883921628687483,
            0.00046840099188829654,
            -0.0008127133634943364,
            2.8460605154824282e-06
          ],
          [
            9.679857795352822e-05,
            0.0005381617583869499,
            0.0005916446377367352,
            0.0013839224038779306,
            -0.0002050886756552931,
            0.00031982193753338765,
            -0.0002807909839766554,
            0.0007681103320710062
          ],
          [
            -4.33406192328267e-05,
            -9.08183149906652e-05,
            -0.00015883921628687483,
            -0.0002050886756552931,
            0.0006510576958733469,
            -0.00010446305998447986,
            0.00020311598580139144,
            1.2052562469392281e-05
          ],
          [
            0.00018316415065256257,
            -3.705317301643833e-05,
            0.00046840099188829654,
            0.00031982193753338765,
            -0.00010446305998447986,
            0.0008230294637399351,
            -0.0002052556796054591,
            8.707304305022373e-05
          ],
          [
            0.0001727936605867872,
            0.00023277626904793204,
            -0.0008127133634943364,
            -0.0002807909839766554,
            0.00020311598580139144,
            -0.0002052556796054591,
            0.0014992668028373326,
            0.00033098767085105795
          ],
          [
            7.861004623256252e-06,
            0.000489438886529744,
            2.8460605154824282e-06,
            0.0007681103320710062,
            1.2052562469392281e-05,
            8.707304305022373e-05,
            0.00033098767085105795,
            0.0016327179318149155
          ]
        ],
        "grad_magnitude": [
          0.025432348251342773,
          0.023317746818065643,
          0.032876309007406235,
          0.02735767886042595,
          0.03533218801021576,
          0.05173695087432861,
          0.03992384672164917,
          0.03127361461520195
        ],
        "episode": 0,
        "mean_return": 0.0,
        "mean_loss": 0.0
      },
      {
        "eigengap": 7.999999999999994,
        "n_clusters_spectral": 1,
        "n_objects": 2,
        "blanket_size": 3,
        "coupling_frobenius": 3.966542765519576,
        "coupling_matrix": [
          [
            0.0,
            0.2657582121503716,
            0.8486303609743449,
            0.12922502568319744,
            0.39977976789610553,
            0.4398048922375985,
            0.5121689198674582,
            0.0783963392803558
          ],
          [
            0.2657582121503716,
            0.0,
            0.45644978549675347,
            0.620099689651373,
            0.1677580963166588,
            0.019698581447920013,
            0.02967687150162439,
            0.7585566614436022
          ],
          [
            0.8486303609743449,
            0.45644978549675347,
            0.0,
            0.017480550183057122,
            0.6433826582928058,
            0.6213216252626323,
            0.5985628309123521,
            0.22443666683188634
          ],
          [
            0.12922502568319744,
            0.620099689651373,
            0.017480550183057122,
            0.0,
            0.4651586878725241,
            0.6116990929747766,
            0.5610530676432934,
            0.7625018151379686
          ],
          [
            0.39977976789610553,
            0.1677580963166588,
            0.6433826582928058,
            0.4651586878725241,
            0.0,
            0.9657545887848791,
            0.816017078493746,
            0.1514970209096298
          ],
          [
            0.4398048922375985,
            0.019698581447920013,
            0.6213216252626323,
            0.6116990929747766,
            0.9657545887848791,
            0.0,
            0.8655575162890464,
            0.28558028538258284
          ],
          [
            0.5121689198674582,
            0.02967687150162439,
            0.5985628309123521,
            0.5610530676432934,
            0.816017078493746,
            0.8655575162890464,
            0.0,
            0.3031305048692018
          ],
          [
            0.0783963392803558,
            0.7585566614436022,
            0.22443666683188634,
            0.7625018151379686,
            0.1514970209096298,
            0.28558028538258284,
            0.3031305048692018,
            0.0
          ]
        ],
        "assignment": [
          0,
          1,
          0,
          1,
          -1,
          -1,
          -1,
          1
        ],
        "is_blanket": [
          false,
          false,
          false,
          false,
          true,
          true,
          true,
          false
        ],
        "eigenvalues": [
          5.329070518200751e-15,
          7.999999999999999,
          8.0,
          8.0,
          8.0,
          8.0,
          8.0,
          8.000000000000009
        ],
        "object_dims": {
          "0": [
            "x",
            "vx"
          ],
          "1": [
            "y",
            "vy",
            "right_leg"
          ]
        },
        "blanket_dims": [
          "angle",
          "ang_vel",
          "left_leg"
        ],
        "hessian_est": [
          [
            0.005221163864029351,
            0.0037546280557740033,
            0.01129840596399774,
            -0.002220102781185935,
            -0.007444657186023791,
            -0.007556169579844787,
            0.0014931633686153984,
            -0.00018387863528672202
          ],
          [
            0.0037546280557740033,
            0.038229002558650686,
            0.01644388387679129,
            0.0288270865139988,
            -0.008453180946758673,
            -0.000915776250159138,
            -0.00023411271768637457,
            -0.004814334906111622
          ],
          [
            0.01129840596399774,
            0.01644388387679129,
            0.03394921442972884,
            -0.0007657953370337392,
            -0.030550928206376685,
            -0.027220072400309242,
            0.004449743913460878,
            -0.0013423336108778399
          ],
          [
            -0.002220102781185935,
            0.0288270865139988,
            -0.0007657953370337392,
            0.056530838487452044,
            0.02850257120062597,
            0.03458107473988218,
            -0.005382165619395944,
            -0.005884849761037845
          ],
          [
            -0.007444657186023791,
            -0.008453180946758673,
            -0.030550928206376685,
            0.02850257120062597,
            0.06641716096593016,
            0.05917862485353388,
            -0.008484960080792171,
            -0.001267348425455496
          ],
          [
            -0.007556169579844787,
            -0.000915776250159138,
            -0.027220072400309242,
            0.03458107473988218,
            0.05917862485353388,
            0.05653479214483461,
            -0.008303558214758333,
            -0.0022041335622385843
          ],
          [
            0.0014931633686153984,
            -0.00023411271768637457,
            0.004449743913460878,
            -0.005382165619395944,
            -0.008484960080792171,
            -0.008303558214758333,
            0.001627873127012771,
            0.0003970011763297747
          ],
          [
            -0.00018387863528672202,
            -0.004814334906111622,
            -0.0013423336108778399,
            -0.005884849761037845,
            -0.001267348425455496,
            -0.0022041335622385843,
            0.0003970011763297747,
            0.001053666724072723
          ]
        ],
        "grad_magnitude": [
          0.0458982028067112,
          0.24225981533527374,
          0.1277652531862259,
          0.26522862911224365,
          0.13494832813739777,
          0.09458328038454056,
          0.015011947602033615,
          0.026829341426491737
        ],
        "episode": 25,
        "mean_return": -490.6055395317902,
        "mean_loss": 0.803963718811671
      },
      {
        "eigengap": 7.999999999999994,
        "n_clusters_spectral": 1,
        "n_objects": 2,
        "blanket_size": 2,
        "coupling_frobenius": 3.456896891605472,
        "coupling_matrix": [
          [
            0.0,
            0.1327091204154126,
            0.09420439567859892,
            0.07307043767872934,
            0.21532453791663358,
            0.2474692841602062,
            0.16727854509135323,
            0.257397449102197
          ],
          [
            0.1327091204154126,
            0.0,
            0.08336682434197823,
            0.127588536327609,
            0.3275958550190149,
            0.36331414529157874,
            0.528067719523328,
            0.627250772807606
          ],
          [
            0.09420439567859892,
            0.08336682434197823,
            0.0,
            0.11142009923553337,
            0.35976845844168026,
            0.2833264602177577,
            0.20742776577729316,
            0.268096931381925
          ],
          [
            0.07307043767872934,
            0.127588536327609,
            0.11142009923553337,
            0.0,
            0.2205149156813034,
            0.17801514000553614,
            0.09064878031891531,
            0.16452664221512822
          ],
          [
            0.21532453791663358,
            0.3275958550190149,
            0.35976845844168026,
            0.2205149156813034,
            0.0,
            0.9679382138033827,
            0.8181286990002683,
            0.7612750146751859
          ],
          [
            0.2474692841602062,
            0.36331414529157874,
            0.2833264602177577,
            0.17801514000553614,
            0.9679382138033827,
            0.0,
            0.8725652138297929,
            0.8275778847563011
          ],
          [
            0.16727854509135323,
            0.528067719523328,
            0.20742776577729316,
            0.09064878031891531,
            0.8181286990002683,
            0.8725652138297929,
            0.0,
            0.849645252160098
          ],
          [
            0.257397449102197,
            0.627250772807606,
            0.268096931381925,
            0.16452664221512822,
            0.7612750146751859,
            0.8275778847563011,
            0.849645252160098,
            0.0
          ]
        ],
        "assignment": [
          0,
          1,
          -1,
          -1,
          1,
          1,
          1,
          1
        ],
        "is_blanket": [
          false,
          false,
          true,
          true,
          false,
          false,
          false,
          false
        ],
        "eigenvalues": [
          5.329070518200751e-15,
          7.999999999999999,
          8.0,
          8.0,
          8.0,
          8.0,
          8.0,
          8.000000000000009
        ],
        "object_dims": {
          "0": [
            "x"
          ],
          "1": [
            "y",
            "angle",
            "ang_vel",
            "left_leg",
            "right_leg"
          ]
        },
        "blanket_dims": [
          "vx",
          "vy"
        ],
        "hessian_est": [
          [
            0.0027120943552105883,
            0.0004791843839881607,
            -0.00035678330473511827,
            -0.00044454895875999133,
            0.002799528062203647,
            0.004421542963427418,
            -0.0007399765433579062,
            -0.0007834871793810198
          ],
          [
            0.0004791843839881607,
            0.004807271879385116,
            -0.00042036208606196753,
            -0.0010334428578497713,
            0.005670568794427282,
            0.00864234856764807,
            -0.003110027684282937,
            -0.0025419428663144158
          ],
          [
            -0.00035678330473511827,
            -0.00042036208606196753,
            0.005288854639383877,
            -0.0009466072447332306,
            -0.006531948935874776,
            -0.007069164329569222,
            0.001281365405177997,
            0.0011395880675728856
          ],
          [
            -0.00044454895875999133,
            -0.0010334428578497713,
            -0.0009466072447332306,
            0.013647425788480825,
            0.006431350799792045,
            0.007134810036053211,
            0.0008995236843330151,
            0.0011234062019835874
          ],
          [
            0.002799528062203647,
            0.005670568794427282,
            -0.006531948935874776,
            0.006431350799792045,
            0.062327198448824506,
            0.08290610706953531,
            -0.01734944864798569,
            -0.011108503896779559
          ],
          [
            0.004421542963427418,
            0.00864234856764807,
            -0.007069164329569222,
            0.007134810036053211,
            0.08290610706953531,
            0.11770640825439409,
            -0.02542864340027231,
            -0.016595262178042868
          ],
          [
            -0.0007399765433579062,
            -0.003110027684282937,
            0.001281365405177997,
            0.0008995236843330151,
            -0.01734944864798569,
            -0.02542864340027231,
            0.007215232953381596,
            0.004218305601362297
          ],
          [
            -0.0007834871793810198,
            -0.0025419428663144158,
            0.0011395880675728856,
            0.0011234062019835874,
            -0.011108503896779559,
            -0.016595262178042868,
            0.004218305601362297,
            0.0034162543774611458
          ]
        ],
        "grad_magnitude": [
          0.03829556703567505,
          0.044225599616765976,
          0.06255626678466797,
          0.05839965492486954,
          0.08223787695169449,
          0.09985247999429703,
          0.02197904884815216,
          0.020929040387272835
        ],
        "episode": 50,
        "mean_return": -220.84500256399525,
        "mean_loss": 0.0
      },
      {
        "eigengap": 7.999999999999994,
        "n_clusters_spectral": 1,
        "n_objects": 2,
        "blanket_size": 2,
        "coupling_frobenius": 4.066204870848864,
        "coupling_matrix": [
          [
            0.0,
            0.34403034477125516,
            0.08350551452999175,
            0.22760588839680934,
            0.3462043154790117,
            0.39047666522308655,
            0.25134092333774566,
            0.3726670751014834
          ],
          [
            0.34403034477125516,
            0.0,
            0.38984291446267744,
            0.2195389728550913,
            0.6733662297093589,
            0.7136431945786557,
            0.8659589997495414,
            0.8882671547279043
          ],
          [
            0.08350551452999175,
            0.38984291446267744,
            0.0,
            0.12258086752049525,
            0.45959641149550595,
            0.4664939091781918,
            0.481131542750071,
            0.34357463990514403
          ],
          [
            0.22760588839680934,
            0.2195389728550913,
            0.12258086752049525,
            0.0,
            0.11140063913501087,
            0.08730796433276387,
            0.1880822243831536,
            0.28802574995537233
          ],
          [
            0.3462043154790117,
            0.6733662297093589,
            0.45959641149550595,
            0.11140063913501087,
            0.0,
            0.9801833521424088,
            0.833620385514026,
            0.6531914604469767
          ],
          [
            0.39047666522308655,
            0.7136431945786557,
            0.4664939091781918,
            0.08730796433276387,
            0.9801833521424088,
            0.0,
            0.868669941235538,
            0.7022644708255484
          ],
          [
            0.25134092333774566,
            0.8659589997495414,
            0.481131542750071,
            0.1880822243831536,
            0.833620385514026,
            0.868669941235538,
            0.0,
            0.8073621115260058
          ],
          [
            0.3726670751014834,
            0.8882671547279043,
            0.34357463990514403,
            0.28802574995537233,
            0.6531914604469767,
            0.7022644708255484,
            0.8073621115260058,
            0.0
          ]
        ],
        "assignment": [
          0,
          1,
          -1,
          -1,
          1,
          1,
          1,
          1
        ],
        "is_blanket": [
          false,
          false,
          true,
          true,
          false,
          false,
          false,
          false
        ],
        "eigenvalues": [
          5.329070518200751e-15,
          7.999999999999999,
          8.0,
          8.0,
          8.0,
          8.0,
          8.0,
          8.000000000000009
        ],
        "object_dims": {
          "0": [
            "x"
          ],
          "1": [
            "y",
            "angle",
            "ang_vel",
            "left_leg",
            "right_leg"
          ]
        },
        "blanket_dims": [
          "vx",
          "vy"
        ],
        "hessian_est": [
          [
            0.0021458657569382116,
            0.0015671547952378065,
            0.0002518698911836069,
            0.0011183953799980188,
            0.002813832250175967,
            0.010038544481602126,
            -0.0013669432902824747,
            -0.0016004889536495076
          ],
          [
            0.0015671547952378065,
            0.009670022066706446,
            0.002496106732209077,
            -0.002290002239520306,
            0.011617949011868016,
            0.03894656850093951,
            -0.009997629303162583,
            -0.008098184519409952
          ],
          [
            0.0002518698911836069,
            0.002496106732209077,
            0.00423954574824293,
            -0.0008466285753503856,
            0.00525050064422294,
            0.016856988905688597,
            -0.0036779810099779693,
            -0.002074011296145626
          ],
          [
            0.0011183953799980188,
            -0.002290002239520306,
            -0.0008466285753503856,
            0.01125177198909841,
            0.0020733018832889212,
            0.005139710508563645,
            0.0023423089489099606,
            0.0028325142682707923
          ],
          [
            0.002813832250175967,
            0.011617949011868016,
            0.00525050064422294,
            0.0020733018832889212,
            0.030784256224855387,
            0.09544341559534653,
            -0.017171910117809698,
            -0.01062515179767716
          ],
          [
            0.010038544481602126,
            0.03894656850093951,
            0.016856988905688597,
            0.005139710508563645,
            0.09544341559534653,
            0.30799847875701947,
            -0.05659981481366633,
            -0.03613310460397628
          ],
          [
            -0.0013669432902824747,
            -0.009997629303162583,
            -0.0036779810099779693,
            0.0023423089489099606,
            -0.017171910117809698,
            -0.05659981481366633,
            0.013783889148031884,
            0.008787889255044904
          ],
          [
            -0.0016004889536495076,
            -0.008098184519409952,
            -0.002074011296145626,
            0.0028325142682707923,
            -0.01062515179767716,
            -0.03613310460397628,
            0.008787889255044904,
            0.008595288964926956
          ]
        ],
        "grad_magnitude": [
          0.06543489545583725,
          0.03174317628145218,
          0.03704246133565903,
          0.04969572275876999,
          0.04304403439164162,
          0.1256282478570938,
          0.025497008115053177,
          0.02298678271472454
        ],
        "episode": 75,
        "mean_return": -192.56547607719529,
        "mean_loss": 0.0
      },
      {
        "eigengap": 7.999999999999994,
        "n_clusters_spectral": 1,
        "n_objects": 2,
        "blanket_size": 3,
        "coupling_frobenius": 3.187618655324452,
        "coupling_matrix": [
          [
            0.0,
            0.1530344014336317,
            0.17645474712607018,
            0.11057447564403025,
            0.2361497329314169,
            0.5497616353532384,
            0.21845674110644678,
            0.29636823284957803
          ],
          [
            0.1530344014336317,
            0.0,
            0.11713501701804646,
            0.47558022080349144,
            0.028737371070639204,
            0.3281748490806808,
            0.8351268929611949,
            0.8960293372663878
          ],
          [
            0.17645474712607018,
            0.11713501701804646,
            0.0,
            0.15523131299775852,
            0.20445156049464439,
            0.24794333399662186,
            0.17366642241427832,
            0.10395185714613626
          ],
          [
            0.11057447564403025,
            0.47558022080349144,
            0.15523131299775852,
            0.0,
            0.1057788742763646,
            0.16138929015136144,
            0.47056611763520184,
            0.4836349485017326
          ],
          [
            0.2361497329314169,
            0.028737371070639204,
            0.20445156049464439,
            0.1057788742763646,
            0.0,
            0.7581858975435931,
            0.33495920233144993,
            0.12783768413046867
          ],
          [
            0.5497616353532384,
            0.3281748490806808,
            0.24794333399662186,
            0.16138929015136144,
            0.7581858975435931,
            0.0,
            0.6542444208401896,
            0.475500892186155
          ],
          [
            0.21845674110644678,
            0.8351268929611949,
            0.17366642241427832,
            0.47056611763520184,
            0.33495920233144993,
            0.6542444208401896,
            0.0,
            0.8080542628418201
          ],
          [
            0.29636823284957803,
            0.8960293372663878,
            0.10395185714613626,
            0.4836349485017326,
            0.12783768413046867,
            0.475500892186155,
            0.8080542628418201,
            0.0
          ]
        ],
        "assignment": [
          0,
          1,
          -1,
          1,
          -1,
          -1,
          1,
          1
        ],
        "is_blanket": [
          false,
          false,
          true,
          false,
          true,
          true,
          false,
          false
        ],
        "eigenvalues": [
          5.329070518200751e-15,
          7.999999999999999,
          8.0,
          8.0,
          8.0,
          8.0,
          8.0,
          8.000000000000009
        ],
        "object_dims": {
          "0": [
            "x"
          ],
          "1": [
            "y",
            "vy",
            "left_leg",
            "right_leg"
          ]
        },
        "blanket_dims": [
          "vx",
          "angle",
          "ang_vel"
        ],
        "hessian_est": [
          [
            0.0016216221284880564,
            0.0006053158623864778,
            0.00043367912799671795,
            0.0004417145014157898,
            0.0005098533264302108,
            0.015501199641675555,
            -0.0009849654402380639,
            -0.0012339291916986783
          ],
          [
            0.0006053158623864778,
            0.009647971347211941,
            0.0007022067943711877,
            -0.004633974725716927,
            0.00015133798318980757,
            0.022570401357380653,
            -0.009184406957830162,
            -0.00909963401037196
          ],
          [
            0.00043367912799671795,
            0.0007022067943711877,
            0.003724948981263188,
            -0.0009398345281536554,
            0.0006690114100058817,
            0.01059567462312937,
            -0.0011867430482142092,
            -0.0006559581575674485
          ],
          [
            0.0004417145014157898,
            -0.004633974725716927,
            -0.0009398345281536554,
            0.009840645162687487,
            -0.0005625921009434887,
            -0.011209919201742831,
            0.005226525650673569,
            0.004960359528444221
          ],
          [
            0.0005098533264302108,
            0.00015133798318980757,
            0.0006690114100058817,
            -0.0005625921009434887,
            0.002874521471151149,
            0.02846259562440326,
            -0.00201073749361649,
            -0.0007086395761284467
          ],
          [
            0.015501199641675555,
            0.022570401357380653,
            0.01059567462312937,
            -0.011209919201742831,
            0.02846259562440326,
            0.49026610586940256,
            -0.05129045738215112,
            -0.03442317513335184
          ],
          [
            -0.0009849654402380639,
            -0.009184406957830162,
            -0.0011867430482142092,
            0.005226525650673569,
            -0.00201073749361649,
            -0.05129045738215112,
            0.012536061916309604,
            0.009354159651501685
          ],
          [
            -0.0012339291916986783,
            -0.00909963401037196,
            -0.0006559581575674485,
            0.004960359528444221,
            -0.0007086395761284467,
            -0.03442317513335184,
            0.009354159651501685,
            0.010689741775552401
          ]
        ],
        "grad_magnitude": [
          0.021913062781095505,
          0.03156834840774536,
          0.027738748118281364,
          0.03575967997312546,
          0.017162632197141647,
          0.1329795867204666,
          0.027022555470466614,
          0.023816263303160667
        ],
        "episode": 100,
        "mean_return": -137.99065956536649,
        "mean_loss": 0.0
      },
      {
        "eigengap": 7.999999999999994,
        "n_clusters_spectral": 1,
        "n_objects": 2,
        "blanket_size": 5,
        "coupling_frobenius": 2.8965689167511903,
        "coupling_matrix": [
          [
            0.0,
            0.13820355325740968,
            0.019898212930883705,
            0.040765251373897325,
            0.012604845212951628,
            0.3311665117750064,
            0.18065316615861132,
            0.0982422535048928
          ],
          [
            0.13820355325740968,
            0.0,
            0.04800172633431196,
            0.4903154564286907,
            0.04442836423078227,
            0.0720379654156611,
            0.7893112212677619,
            0.8401775067169169
          ],
          [
            0.019898212930883705,
            0.04800172633431196,
            0.0,
            0.03810667930894956,
            0.12906047834005702,
            0.27278073048600293,
            0.05097464898224836,
            0.039354302075930554
          ],
          [
            0.040765251373897325,
            0.4903154564286907,
            0.03810667930894956,
            0.0,
            0.248463497149113,
            0.4458278621071854,
            0.6361939965171979,
            0.5866980922337458
          ],
          [
            0.012604845212951628,
            0.04442836423078227,
            0.12906047834005702,
            0.248463497149113,
            0.0,
            0.6024594919001428,
            0.14567798007501973,
            0.10823585846247939
          ],
          [
            0.3311665117750064,
            0.0720379654156611,
            0.27278073048600293,
            0.4458278621071854,
            0.6024594919001428,
            0.0,
            0.460846790230775,
            0.3993163006120761
          ],
          [
            0.18065316615861132,
            0.7893112212677619,
            0.05097464898224836,
            0.6361939965171979,
            0.14567798007501973,
            0.460846790230775,
            0.0,
            0.7544178306855194
          ],
          [
            0.0982422535048928,
            0.8401775067169169,
            0.039354302075930554,
            0.5866980922337458,
            0.10823585846247939,
            0.3993163006120761,
            0.7544178306855194,
            0.0
          ]
        ],
        "assignment": [
          1,
          -1,
          0,
          -1,
          0,
          -1,
          -1,
          -1
        ],
        "is_blanket": [
          false,
          true,
          false,
          true,
          false,
          true,
          true,
          true
        ],
        "eigenvalues": [
          5.329070518200751e-15,
          7.999999999999999,
          8.0,
          8.0,
          8.0,
          8.0,
          8.0,
          8.000000000000009
        ],
        "object_dims": {
          "0": [
            "vx",
            "angle"
          ],
          "1": [
            "x"
          ]
        },
        "blanket_dims": [
          "y",
          "vy",
          "ang_vel",
          "left_leg",
          "right_leg"
        ],
        "hessian_est": [
          [
            0.0012142068311834136,
            -0.00043692165422156695,
            4.192811121291143e-05,
            0.0001489626549504966,
            1.8503537791693775e-05,
            0.00818056170038893,
            0.0006129131211287703,
            -0.0003436520794160789
          ],
          [
            -0.00043692165422156695,
            0.00823143785141819,
            0.00026335375821932757,
            -0.0046650285114376985,
            -0.00016981225032294922,
            0.004633291117078329,
            -0.00697257279886979,
            -0.007652144275457007
          ],
          [
            4.192811121291143e-05,
            0.00026335375821932757,
            0.003656700444855775,
            -0.00024164993802356554,
            -0.0003287826022361853,
            -0.011693612617547469,
            0.0003001275677103131,
            0.00023889726548415835
          ],
          [
            0.0001489626549504966,
            -0.0046650285114376985,
            -0.00024164993802356554,
            0.010997185602590222,
            -0.0010976760953102817,
            -0.03314349289688721,
            0.0064958691194942,
            0.006176318655917506
          ],
          [
            1.8503537791693775e-05,
            -0.00016981225032294922,
            -0.0003287826022361853,
            -0.0010976760953102817,
            0.0017747671506433496,
            0.01799239162821353,
            -0.0005975463331013565,
            -0.0004577371483651735
          ],
          [
            0.00818056170038893,
            0.004633291117078329,
            -0.011693612617547469,
            -0.03314349289688721,
            0.01799239162821353,
            0.5025514015627675,
            -0.0318092696767716,
            -0.028417213430276304
          ],
          [
            0.0006129131211287703,
            -0.00697257279886979,
            0.0003001275677103131,
            0.0064958691194942,
            -0.0005975463331013565,
            -0.0318092696767716,
            0.009480116451224542,
            0.007373828367119148
          ],
          [
            -0.0003436520794160789,
            -0.007652144275457007,
            0.00023889726548415835,
            0.006176318655917506,
            -0.0004577371483651735,
            -0.028417213430276304,
            0.007373828367119148,
            0.01007739572106535
          ]
        ],
        "grad_magnitude": [
          0.013537048362195492,
          0.038195885717868805,
          0.022408178076148033,
          0.03382956609129906,
          0.025241794064641,
          0.10119784623384476,
          0.018746763467788696,
          0.021163808181881905
        ],
        "episode": 125,
        "mean_return": -107.54105986045825,
        "mean_loss": 0.0
      },
      {
        "eigengap": 7.999999999999994,
        "n_clusters_spectral": 1,
        "n_objects": 2,
        "blanket_size": 2,
        "coupling_frobenius": 3.0912338943008377,
        "coupling_matrix": [
          [
            0.0,
            0.09966608217566994,
            0.14977192255687935,
            0.03682962044344133,
            0.14643761144359455,
            0.3119894939091564,
            0.07871108602162302,
            0.2732511920880601
          ],
          [
            0.09966608217566994,
            0.0,
            0.034848142470993104,
            0.42972409049465465,
            0.015074405866540602,
            0.18999025934723965,
            0.7835168666341029,
            0.8594130952089143
          ],
          [
            0.14977192255687935,
            0.034848142470993104,
            0.0,
            0.0671704823570145,
            0.3125407380569904,
            0.5142991051821982,
            0.15237116060287784,
            0.21921674530290158
          ],
          [
            0.03682962044344133,
            0.42972409049465465,
            0.0671704823570145,
            0.0,
            0.3227016239156075,
            0.4130904605178937,
            0.5789370231290665,
            0.5335115746821971
          ],
          [
            0.14643761144359455,
            0.015074405866540602,
            0.3125407380569904,
            0.3227016239156075,
            0.0,
            0.746425395264992,
