{
  "timestamp": "2026-02-07T15:28:11.503999",
  "experiment_name": "causal_temporal_asymmetry",
  "config": {
    "lags": [
      1,
      2,
      5,
      10
    ],
    "granger_max_lag": 5,
    "synthetic_n_steps": 5000,
    "synthetic_dynamics": "X1->X2->X3 linear chain"
  },
  "metrics": {
    "synthetic": {
      "forward_coupling": [
        [
          0.0,
          0.3871649977942674,
          0.04014610333131554
        ],
        [
          0.3871649977942674,
          0.0,
          0.8663163545094601
        ],
        [
          0.04014610333131554,
          0.8663163545094601,
          0.0
        ]
      ],
      "reverse_coupling": [
        [
          0.0,
          0.005150193764295203,
          0.035987586872543775
        ],
        [
          0.005150193764295203,
          0.0,
          0.0020631120826322116
        ],
        [
          0.035987586872543775,
          0.0020631120826322116,
          0.0
        ]
      ],
      "asymmetry_fwd_rev": [
        [
          0.0,
          0.3820148040299722,
          0.004158516458771765
        ],
        [
          0.3820148040299722,
          0.0,
          0.8642532424268279
        ],
        [
          0.004158516458771765,
          0.8642532424268279,
          0.0
        ]
      ],
      "learned_dynamics_W": [
        [
          0.5065369771980477,
          0.6210609345145892,
          0.005136870107618792
        ],
        [
          0.0033088452984993124,
          0.2874916215360855,
          0.4863678514792986
        ],
        [
          -0.017381361824279042,
          0.005793833534235751,
          0.28573702546152413
        ]
      ],
      "lag_results_states": {
        "1": {
          "cross_cov": [
            [
              0.006833244188749341,
              0.009792197488896091,
              0.0027221238862806807
            ],
            [
              0.00246142706141311,
              0.00844214489152254,
              0.010460714136495911
            ],
            [
              0.00019723802938726394,
              0.0020414725961148583,
              0.007182710437902676
            ]
          ],
          "asymmetry": [
            [
              0.0,
              0.007330770427482982,
              0.0025248858568934166
            ],
            [
              -0.007330770427482982,
              0.0,
              0.008419241540381053
            ],
            [
              -0.0025248858568934166,
              -0.008419241540381053,
              0.0
            ]
          ]
        },
        "2": {
          "cross_cov": [
            [
              0.0034526984752199313,
              0.007039047786491961,
              0.005613188498951634
            ],
            [
              0.0011843799822556554,
              0.0038956928082707937,
              0.007382034878652773
            ],
            [
              -0.00012855251115005694,
              0.0009396299603833006,
              0.0028757104170816536
            ]
          ],
          "asymmetry": [
            [
              0.0,
              0.005854667804236305,
              0.005741741010101691
            ],
            [
              -0.005854667804236305,
              0.0,
              0.006442404918269472
            ],
            [
              -0.005741741010101691,
              -0.006442404918269472,
              0.0
            ]
          ]
        },
        "5": {
          "cross_cov": [
            [
              0.0008076974613158438,
              0.00134105524913639,
              0.0021058027116485053
            ],
            [
              0.0006432307821999866,
              0.00011048749334619652,
              0.0006166914365374937
            ],
            [
              0.0002578141814946385,
              0.0003539305974630973,
              0.00030437310840081733
            ]
          ],
          "asymmetry": [
            [
              0.0,
              0.0006978244669364034,
              0.0018479885301538666
            ],
            [
              -0.0006978244669364034,
              0.0,
              0.0002627608390743964
            ],
            [
              -0.0018479885301538666,
              -0.0002627608390743964,
              0.0
            ]
          ]
        },
        "10": {
          "cross_cov": [
            [
              2.9725731224908722e-05,
              0.0002558070201197036,
              0.00028902973676166616
            ],
            [
              0.000372841176124324,
              0.0005277599861822759,
              0.00041724085730171766
            ],
            [
              0.00014444417031871128,
              0.00024858242501344443,
              7.073714215283491e-05
            ]
          ],
          "asymmetry": [
            [
              0.0,
              -0.00011703415600462043,
              0.00014458556644295488
            ],
            [
              0.00011703415600462043,
              0.0,
              0.00016865843228827324
            ],
            [
              -0.00014458556644295488,
              -0.00016865843228827324,
              0.0
            ]
          ]
        }
      },
      "lag_results_gradients": {
        "1": {
          "cross_cov": [
            [
              6.784967137838291e-05,
              -8.92316035235324e-05,
              -8.13385740107693e-05
            ],
            [
              8.31725564604019e-06,
              -0.000111988465690249,
              -7.71104859691382e-05
            ],
            [
              -9.254028303840135e-06,
              -4.41599875051869e-05,
              -2.66651854100958e-05
            ]
          ],
          "asymmetry": [
            [
              0.0,
              -9.75488591695726e-05,
              -7.208454570692916e-05
            ],
            [
              9.75488591695726e-05,
              0.0,
              -3.2950498463951296e-05
            ],
            [
              7.208454570692916e-05,
              3.2950498463951296e-05,
              0.0
            ]
          ]
        },
        "2": {
          "cross_cov": [
            [
              -0.00020545133910863586,
              3.454882235173672e-05,
              4.9664357674059266e-05
            ],
            [
              9.557649163702881e-05,
              0.00010616687904241217,
              -7.119995381909318e-06
            ],
            [
              8.641444663948247e-05,
              2.990452659370173e-05,
              -2.939202490320639e-05
            ]
          ],
          "asymmetry": [
            [
              0.0,
              -6.1027669285292095e-05,
              -3.67500889654232e-05
            ],
            [
              6.1027669285292095e-05,
              0.0,
              -3.7024521975611046e-05
            ],
            [
              3.67500889654232e-05,
              3.7024521975611046e-05,
              0.0
            ]
          ]
        },
        "5": {
          "cross_cov": [
            [
              0.00031872842397566285,
              -0.0004191531223495762,
              -0.00024470021894721326
            ],
            [
              0.0001399889221598399,
              -6.257348430792052e-05,
              -7.229882463524105e-05
            ],
            [
              5.1483177395500085e-05,
              6.0898371373896986e-05,
              7.5867941606187516e-06
            ]
          ],
          "asymmetry": [
            [
              0.0,
              -0.0005591420445094161,
              -0.00029618339634271336
            ],
            [
              0.0005591420445094161,
              0.0,
              -0.00013319719600913803
            ],
            [
              0.00029618339634271336,
              0.00013319719600913803,
              0.0
            ]
          ]
        },
        "10": {
          "cross_cov": [
            [
              0.0003163501193392949,
              0.00010959200571262123,
              2.63085790471772e-05
            ],
            [
              0.00024849536759621405,
              1.456187561084843e-06,
              -2.2209640078797335e-05
            ],
            [
              1.8850601869647827e-05,
              -4.219141773993449e-05,
              -2.206475382758756e-05
            ]
          ],
          "asymmetry": [
            [
              0.0,
              -0.00013890336188359282,
              7.457977177529374e-06
            ],
            [
              0.00013890336188359282,
              0.0,
              1.9981777661137157e-05
            ],
            [
              -7.457977177529374e-06,
              -1.9981777661137157e-05,
              0.0
            ]
          ]
        }
      },
      "granger_f_statistics": [
        [
          0.0,
          461.58952525923536,
          130.85868995442655
        ],
        [
          1.9215810147603523,
          0.0,
          417.5597074571639
        ],
        [
          2.045328743934344,
          0.928375305976785,
          0.0
        ]
      ],
      "granger_p_values": [
        [
          1.0,
          0.0,
          0.0
        ],
        [
          0.08734540002106683,
          1.0,
          0.0
        ],
        [
          0.06925623653191415,
          0.4612278669351507,
          1.0
        ]
      ],
      "validation": {
        "X1_causes_X2": {
          "fwd_rev_asym_01": 0.3820148040299722,
          "fwd_rev_direction_correct": true,
          "state_lag_asym_01": 0.007330770427482982,
          "state_lag_direction_correct": true,
          "direction_correct": true,
          "granger_01": 461.58952525923536,
          "granger_10": 1.9215810147603523
        },
        "X2_causes_X3": {
          "fwd_rev_asym_12": 0.8642532424268279,
          "fwd_rev_direction_correct": true,
          "state_lag_asym_12": 0.008419241540381053,
          "state_lag_direction_correct": true,
          "direction_correct": true,
          "granger_12": 417.5597074571639,
          "granger_21": 0.928375305976785
        },
        "X1_not_direct_cause_X3": {
          "fwd_rev_asym_02": 0.004158516458771765,
          "state_lag_asym_02": 0.0025248858568934166,
          "weaker_than_direct": true
        }
      },
      "all_directions_correct": true
    },
    "lunarlander": {
      "forward_coupling": [
        [
          0.0,
          0.0856294744960529,
          0.499165750704928,
          0.04364738690635864,
          0.5795505757721888,
          0.02333260840607205,
          0.2265000863316308,
          0.032946252356578797
        ],
        [
          0.0856294744960529,
          0.0,
          0.05913746305821656,
          0.33547058303925853,
          0.024178536359111,
          0.25790625079862745,
          0.5436823675063959,
          0.5975395528263464
        ],
        [
          0.499165750704928,
          0.05913746305821656,
          0.0,
          0.17884158207304723,
          0.5391016164791672,
          0.28293010511562944,
          0.17337755790088868,
          0.16378774179607236
        ],
        [
          0.04364738690635864,
          0.33547058303925853,
          0.17884158207304723,
          0.0,
          0.1334781132994672,
          0.15387893985604098,
          0.03737389932458984,
          0.248461169046088
        ],
        [
          0.5795505757721888,
          0.024178536359111,
          0.5391016164791672,
          0.1334781132994672,
          0.0,
          0.5068872994949076,
          0.2872879577620047,
          0.1678014506185949
        ],
        [
          0.02333260840607205,
          0.25790625079862745,
          0.28293010511562944,
          0.15387893985604098,
          0.5068872994949076,
          0.0,
          0.6134468201023523,
          0.30297244446378363
        ],
        [
          0.2265000863316308,
          0.5436823675063959,
          0.17337755790088868,
          0.03737389932458984,
          0.2872879577620047,
          0.6134468201023523,
          0.0,
          0.16001562101458747
        ],
        [
          0.032946252356578797,
          0.5975395528263464,
          0.16378774179607236,
          0.248461169046088,
          0.1678014506185949,
          0.30297244446378363,
          0.16001562101458747,
          0.0
        ]
      ],
      "reverse_coupling": [
        [
          0.0,
          0.20514618067820106,
          0.7802106778271116,
          0.16303225064221039,
          0.3433217910503839,
          0.28787041435631705,
          0.06894751045074478,
          0.08069317050552766
        ],
        [
          0.20514618067820106,
          0.0,
          0.14131468081750753,
          0.8160336703300571,
          0.016716748194728435,
          0.021703533739429997,
          0.013576318740125546,
          0.08495159714057021
        ],
        [
          0.7802106778271116,
          0.14131468081750753,
          0.0,
          0.1460667110839909,
          0.033473432950428136,
          0.10812547624513179,
          0.013552817515078676,
          0.10412515086669002
        ],
        [
          0.16303225064221039,
          0.8160336703300571,
          0.1460667110839909,
          0.0,
          0.006847788426987333,
          0.05782625502039222,
          0.03982762309710933,
          0.15111962613031077
        ],
        [
          0.3433217910503839,
          0.016716748194728435,
          0.033473432950428136,
          0.006847788426987333,
          0.0,
          0.8743395916813823,
          0.11438445604004208,
          0.06888870036099821
        ],
        [
          0.28787041435631705,
          0.021703533739429997,
          0.10812547624513179,
          0.05782625502039222,
          0.8743395916813823,
          0.0,
          0.12053910502367735,
          0.015483324276371523
        ],
        [
          0.06894751045074478,
          0.013576318740125546,
          0.013552817515078676,
          0.03982762309710933,
          0.11438445604004208,
          0.12053910502367735,
          0.0,
          0.06353173910670372
        ],
        [
          0.08069317050552766,
          0.08495159714057021,
          0.10412515086669002,
          0.15111962613031077,
          0.06888870036099821,
          0.015483324276371523,
          0.06353173910670372,
          0.0
        ]
      ],
      "asymmetry_fwd_rev": [
        [
          0.0,
          -0.11951670618214816,
          -0.2810449271221836,
          -0.11938486373585175,
          0.23622878472180492,
          -0.264537805950245,
          0.157552575880886,
          -0.04774691814894886
        ],
        [
          -0.11951670618214816,
          0.0,
          -0.08217721775929097,
          -0.4805630872907986,
          0.0074617881643825636,
          0.23620271705919746,
          0.5301060487662703,
          0.5125879556857762
        ],
        [
          -0.2810449271221836,
          -0.08217721775929097,
          0.0,
          0.03277487098905632,
          0.5056281835287391,
          0.17480462887049764,
          0.15982474038581002,
          0.059662590929382336
        ],
        [
          -0.11938486373585175,
          -0.4805630872907986,
          0.03277487098905632,
          0.0,
          0.12663032487247988,
          0.09605268483564876,
          -0.002453723772519484,
          0.09734154291577723
        ],
        [
          0.23622878472180492,
          0.0074617881643825636,
          0.5056281835287391,
          0.12663032487247988,
          0.0,
          -0.3674522921864747,
          0.17290350172196264,
          0.09891275025759667
        ],
        [
          -0.264537805950245,
          0.23620271705919746,
          0.17480462887049764,
          0.09605268483564876,
          -0.3674522921864747,
          0.0,
          0.4929077150786749,
          0.28748912018741213
        ],
        [
          0.157552575880886,
          0.5301060487662703,
          0.15982474038581002,
          -0.002453723772519484,
          0.17290350172196264,
          0.4929077150786749,
          0.0,
          0.09648388190788375
        ],
        [
          -0.04774691814894886,
          0.5125879556857762,
          0.059662590929382336,
          0.09734154291577723,
          0.09891275025759667,
          0.28748912018741213,
          0.09648388190788375,
          0.0
        ]
      ],
      "lag_results_gradients": {
        "1": {
          "cross_cov": [
            [
              0.003011508146300912,
              0.0002894107310567051,
              0.0028140146750956774,
              0.0014630891382694244,
              -0.003585010301321745,
              -0.0013852199772372842,
              -0.0008629426010884345,
              -5.156801125849597e-05
            ],
            [
              0.0005629748338833451,
              0.00661845738068223,
              -0.000731476116925478,
              -0.00309227267280221,
              0.0005025567952543497,
              0.0007506667752750218,
              -0.002832641825079918,
              -0.0029334472492337227
            ],
            [
              0.003149010008201003,
              0.00036378524964675307,
              0.004613098222762346,
              0.000979177770204842,
              -0.00461294362321496,
              -0.002791311591863632,
              -0.0010973061434924603,
              -0.00011713472486007959
            ],
            [
              0.0006401116261258721,
              -0.0019522667862474918,
              0.00043014829861931503,
              0.003917500376701355,
              -0.0015390344196930528,
              0.0008197084534913301,
              0.0017850615549832582,
              0.0006883054738864303
            ],
            [
              -0.004248789045959711,
              0.0010845748474821448,
              -0.0044206175953149796,
              -0.00161559518892318,
              0.007206585258245468,
              0.003275303402915597,
              0.001320769195444882,
              -0.0004925044486299157
            ],
            [
              -0.004543820396065712,
              0.0035798109602183104,
              -0.004188891965895891,
              -0.0021608707029372454,
              0.00874178484082222,
              0.01541951298713684,
              0.004614715930074453,
              -0.0042171841487288475
            ],
            [
              -0.0009902941528707743,
              -0.0011820646468549967,
              -0.0007548896828666329,
              0.0006122837658040226,
              0.000975464703515172,
              0.003854603972285986,
              0.0028199770022183657,
              -8.094613440334797e-05
            ],
            [
              0.0002681806799955666,
              -0.005389919504523277,
              0.0012146104127168655,
              0.0026647187769412994,
              -0.0004004041838925332,
              -0.0017592724179849029,
              0.0010221858974546194,
              0.0030348040163517
            ]
          ],
          "asymmetry": [
            [
              0.0,
              -0.00027356410282664,
              -0.0003349953331053257,
              0.0008229775121435523,
              0.0006637787446379662,
              0.0031586005352437496,
              0.0001273515517823398,
              -0.00031974868034012616
            ],
            [
              0.00027356410282664,
              0.0,
              -0.001095261424779892,
              -0.001140005886554718,
              -0.0005820180522277951,
              -0.0028291442431509495,
              -0.0016505771782249212,
              0.0024564722552895546
            ],
            [
              0.0003349953331053257,
              0.001095261424779892,
              0.0,
              0.0005490294424816966,
              -0.00019232602789998055,
              0.001397580374032259,
              -0.0003424164606258273,
              -0.0013317451812326908
            ],
            [
              -0.0008229775121435523,
              0.001140005886554718,
              -0.0005490294424816966,
              0.0,
              7.656076923012733e-05,
              0.0029805791564285755,
              0.0011727777309715748,
              -0.0019764131866395473
            ],
            [
              -0.0006637787446379662,
              0.0005820180522277951,
              0.00019232602789998055,
              -7.656076923012733e-05,
              0.0,
              -0.0054664816707372665,
              0.0003453044919297099,
              -9.210026473738253e-05
            ],
            [
              -0.0031586005352437496,
              0.0028291442431509495,
              -0.001397580374032259,
              -0.0029805791564285755,
              0.0054664816707372665,
              0.0,
              0.0007601119577884674,
              -0.002457911614328623
            ],
            [
              -0.0001273515517823398,
              0.0016505771782249212,
              0.0003424164606258273,
              -0.0011727777309715748,
              -0.0003453044919297099,
              -0.0007601119577884674,
              0.0,
              -0.0011031320318579674
            ],
            [
              0.00031974868034012616,
              -0.0024564722552895546,
              0.0013317451812326908,
              0.0019764131866395473,
              9.210026473738253e-05,
              0.002457911614328623,
              0.0011031320318579674,
              0.0
            ]
          ]
        },
        "2": {
          "cross_cov": [
            [
              0.0028584657702594995,
              0.00021373285562731326,
              0.0027571276295930147,
              0.0011189511278644204,
              -0.0036811279132962227,
              -0.002645430387929082,
              -0.000783097289968282,
              -4.333651304477826e-05
            ],
            [
              0.0007266587344929576,
              0.005149008706212044,
              -4.539112705970183e-05,
              -0.0044606938026845455,
              0.0007068560225889087,
              0.004409261047840118,
              -0.0010806024074554443,
              -0.0023405971005558968
            ],
            [
              0.002804177813231945,
              0.0006421069847419858,
              0.0039541698060929775,
              0.0010490049608051777,
              -0.004254086408764124,
              -0.0038107838481664658,
              -0.0010162930702790618,
              -0.0003134197322651744
            ],
            [
              0.0005022800178267062,
              -0.002245808718726039,
              0.000665989937260747,
              0.003127635456621647,
              -0.001693287747912109,
              -0.0012385318987071514,
              0.0016750805079936981,
              0.0012571843108162284
            ],
            [
              -0.003687981516122818,
              0.001063335221260786,
              -0.0037645341362804174,
              -0.0014740499900653958,
              0.006108717527240515,
              0.0006445990293286741,
              0.0007564829429611564,
              -0.0003065956407226622
            ],
            [
              -0.0027827497106045485,
              0.0027655260637402534,
              -0.001660962007008493,
              0.0009865360334515572,
              0.003554524388164282,
              -0.0005566994659602642,
              0.0013308824272826314,
              -0.003563481383025646
            ],
            [
              -0.0006966933724470437,
              -0.0021036164835095406,
              -0.0008846093551255763,
              0.002292600693181157,
              0.0013024978106841445,
              0.00714013259857893,
              0.0014941575936973095,
              0.0008897189982235432
            ],
            [
              -0.00027171135297976434,
              -0.0031130006536841393,
              0.00021060564904473722,
              0.0028698849491775036,
              -0.0004197296511847526,
              -0.006837878841906786,
              0.0001120417146012187,
              0.0018716312479227781
            ]
          ],
          "asymmetry": [
            [
              0.0,
              -0.0005129259079694748,
              -4.705018363893032e-05,
              0.0006166711100377142,
              6.853602826595306e-06,
              0.00013731932267546654,
              -8.640391752123833e-05,
              0.0002283748472109437
            ],
            [
              0.0005129259079694748,
              0.0,
              -0.0006874981336295605,
              -0.0022148850839585066,
              -0.0003564791986718774,
              0.001643734984099865,
              0.0010230140760540962,
              0.0007724035531282425
            ],
            [
              4.705018363893032e-05,
              0.0006874981336295605,
              0.0,
              0.00038301502354443073,
              -0.0004895522724837065,
              -0.002149821724742651,
              -0.00013168371515348554,
              -0.0005240254104137421
            ],
            [
              -0.0006166711100377142,
              0.0022148850839585066,
              -0.00038301502354443073,
              0.0,
              -0.00021923775784671307,
              -0.0022250679321587086,
              -0.000617520185187459,
              -0.0016127006383612752
            ],
            [
              -6.853602826595306e-06,
              0.0003564791986718774,
              0.0004895522724837065,
              0.00021923775784671307,
              0.0,
              -0.002909925300627947,
              -0.0005460148677229881,
              0.00011313401046209037
            ],
            [
              -0.00013731932267546654,
              -0.001643734984099865,
              0.002149821724742651,
              0.0022250679321587086,
              0.002909925300627947,
              0.0,
              -0.00580925028771162,
              0.0032743974588811398
            ],
            [
              8.640391752123833e-05,
              -0.0010230140760540962,
              0.00013168371515348554,
              0.000617520185187459,
              0.0005460148677229881,
              0.00580925028771162,
              0.0,
              0.0007776772836223245
            ],
            [
              -0.0002283748472109437,
              -0.0007724035531282425,
              0.0005240254104137421,
              0.0016127006383612752,
              -0.00011313401046209037,
              -0.0032743974588811398,
              -0.0007776772836223245,
              0.0
            ]
          ]
        },
        "5": {
          "cross_cov": [
            [
              0.0024149890523403883,
              -8.506499398208689e-06,
              0.0023551590275019407,
              0.0010576745262369514,
              -0.0031119142659008503,
              -0.001248104264959693,
              -0.00029864563839510083,
              -1.88268913916545e-05
            ],
            [
              0.00013329948706086725,
              0.004043210297822952,
              -5.617863644147292e-05,
              -0.0012443437008187175,
              0.0012942792382091284,
              0.0003509626258164644,
              -0.0016459886683151126,
              -0.0019729111809283495
            ],
            [
              0.002429631305858493,
              0.0003882691962644458,
              0.003109788056463003,
              0.0007203570567071438,
              -0.00336958235129714,
              -0.0022048470564186573,
              -0.0007361146854236722,
              -4.893662662652787e-06
            ],
            [
              0.0006023562746122479,
              -0.0026146324817091227,
              0.0007547534187324345,
              0.002476113149896264,
              -0.0014969944022595882,
              0.00016654530190862715,
              0.0014376797480508685,
              0.0014652019599452615
            ],
            [
              -0.002934881253167987,
              0.0007064291276037693,
              -0.0030510073993355036,
              -0.0014061661204323173,
              0.005006654188036919,
              0.0021999862510710955,
              0.0006422101287171245,
              -0.00010876486339839175
            ],
            [
              -0.0012206592364236712,
              0.0008328238618560135,
              -3.602204378694296e-05,
              -0.0016895732842385769,
              0.0019262018613517284,
              0.004101620055735111,
              0.0013275500386953354,
              -0.0008507799357175827
            ],
            [
              -0.0006057224236428738,
              -0.0014991166535764933,
              -0.000562224246095866,
              0.0004758492286782712,
              0.0004798790323548019,
              0.0013527340488508344,
              0.0007350331870839,
              0.0007905848906375468
            ],
            [
              -1.7917151126312092e-05,
              -0.0021215484011918306,
              -7.301697041839361e-05,
              0.0012647301191464067,
              -0.0006465614424087107,
              -0.0013837782898917794,
              0.0009647327824495733,
              0.0010907482355833054
            ]
          ],
          "asymmetry": [
            [
              0.0,
              -0.00014180598373059183,
              -7.447227835655212e-05,
              0.0004553182516247034,
              -0.00017703301273286343,
              -2.744502853602171e-05,
              0.00030707678524777293,
              -9.097402653424069e-07
            ],
            [
              0.00014180598373059183,
              0.0,
              -0.0004444478254299611,
              0.0013702887808904052,
              0.0005878501106053591,
              -0.0004818612360395491,
              -0.00014687201473861933,
              0.00014863722026348114
            ],
            [
              7.447227835655212e-05,
              0.0004444478254299611,
              0.0,
              -3.439636202529073e-05,
              -0.00031857495196163654,
              -0.0021688248962163925,
              -0.00017389043932780623,
              6.812330684624612e-05
            ],
            [
              -0.0004553182516247034,
              -0.0013702887808904052,
              3.439636202529073e-05,
              0.0,
              -9.082828182727098e-05,
              0.0018561185570433736,
              0.0009618304902687669,
              0.00020047184079885483
            ],
            [
              0.00017703301273286343,
              -0.0005878501106053591,
              0.00031857495196163654,
              9.082828182727098e-05,
              0.0,
              0.00027378438971936703,
              0.00016233109636232257,
              0.0005377965862862766
            ],
            [
              2.744502853602171e-05,
              0.0004818612360395491,
              0.0021688248962163925,
              -0.0018561185570433736,
              -0.00027378438971936703,
              0.0,
              -2.518401015549898e-05,
              0.0005329983541741967
            ],
            [
              -0.00030707678524777293,
              0.00014687201473861933,
              0.00017389043932780623,
              -0.0009618304902687669,
              -0.00016233109636232257,
              2.518401015549898e-05,
              0.0,
              -0.0001741478918120265
            ],
            [
              9.097402653424069e-07,
              -0.00014863722026348114,
              -6.812330684624612e-05,
              -0.00020047184079885483,
              -0.0005377965862862766,
              -0.0005329983541741967,
              0.0001741478918120265,
              0.0
            ]
          ]
        },
        "10": {
          "cross_cov": [
            [
              0.0018106703646481037,
              -0.00036135024856776,
              0.0017585065215826035,
              0.0009782372508198023,
              -0.0023171051871031523,
              -0.0005445359274744987,
              -1.576163231220562e-05,
              0.00017440118244849145
            ],
            [
              0.00011653019464574754,
              0.0014490383910015225,
              -0.0002599724102765322,
              -0.00022950817947275937,
              0.0006460476433858275,
              -0.0004255493404343724,
              -0.0007583072874695063,
              9.165838127955794e-05
            ],
            [
              0.0016754510579630733,
              0.0004543811082839966,
              0.002215511165559292,
              0.00076917844126001,
              -0.0022196569480001926,
              -0.0008831437444314361,
              -0.0004180653777439147,
              -0.0006162814097478986
            ],
            [
              0.0003486629866529256,
              -0.0017509277677163482,
              0.0005481239059008658,
              0.001557491603307426,
              -0.000959834607783705,
              0.00039148470386862755,
              0.0010864390060305595,
              0.0005462457775138319
            ],
            [
              -0.002252054400742054,
              0.0007356585701927543,
              -0.002393795643001795,
              -0.0011728615500032902,
              0.00386632326990366,
              0.0014585187891498208,
              0.00032381105120293796,
              -0.00024224762455560267
            ],
            [
              -0.0005818914505653083,
              0.0017533208010718226,
              -0.00030336822965182364,
              -0.0009766246657818556,
              0.001156288548372686,
              0.0008759641787037253,
              -0.0004519883368629962,
              -0.0018242362421005964
            ],
            [
              -0.00043422417365945876,
              -0.0005887844017706811,
              -0.00029780156910419464,
              7.959697541082278e-06,
              0.00033024244476109743,
              0.0007551122107543051,
              0.0006237354245968163,
              -0.0001511210430180654
            ],
            [
              -0.00017174948879983276,
              -0.0010762681486085057,
              -6.729848246322945e-05,
              0.00034234768827445805,
              -9.55631912802346e-05,
              0.0005353387095965445,
              0.0006376431556418538,
              0.0003066413337364793
            ]
          ],
          "asymmetry": [
            [
              0.0,
              -0.00047788044321350753,
              8.30554636195302e-05,
              0.0006295742932707071,
              -6.505078636109829e-05,
              3.7355523090809584e-05,
              0.0004184625286143273,
              0.000346150656696409
            ],
            [
              0.00047788044321350753,
              0.0,
              -0.0007143535185605288,
              0.0015214196173474193,
              -8.961092680692673e-05,
              -0.002178870141506195,
              -0.00016952288569882512,
              0.0011679264716804028
            ],
            [
              -8.30554636195302e-05,
              0.0007143535185605288,
              0.0,
              0.0002210545353591442,
              0.00017413869500160217,
              -0.0005797755438834429,
              -0.00012026380863972008,
              -0.0005489829345606267
            ],
            [
              -0.0006295742932707071,
              -0.0015214196173474193,
              -0.0002210545353591442,
              0.0,
              0.00021302694221958518,
              0.0013681093696504831,
              0.0010784793412312865,
              0.0002038980892393738
            ],
            [
              6.505078636109829e-05,
              8.961092680692673e-05,
              -0.00017413869500160217,
              -0.00021302694221958518,
              0.0,
              0.0003022302407771349,
              -6.4313935581594706e-06,
              -0.00014668444055132568
            ],
            [
              -3.7355523090809584e-05,
              0.002178870141506195,
              0.0005797755438834429,
              -0.0013681093696504831,
              -0.0003022302407771349,
              0.0,
              -0.0012071005767211318,
              -0.00235957489348948
            ],
            [
              -0.0004184625286143273,
              0.00016952288569882512,
              0.00012026380863972008,
              -0.0010784793412312865,
              6.4313935581594706e-06,
              0.0012071005767211318,
              0.0,
              -0.0007887642132118344
            ],
            [
              -0.000346150656696409,
              -0.0011679264716804028,
              0.0005489829345606267,
              -0.0002038980892393738,
              0.00014668444055132568,
              0.00235957489348948,
              0.0007887642132118344,
              0.0
            ]
          ]
        }
      },
      "lag_results_states": {
        "1": {
          "cross_cov": [
            [
              0.09897229820489883,
              0.0044621918350458145,
              0.18275956809520721,
              0.001966227777302265,
              -0.11803023517131805,
              -0.04090701416134834,
              0.0037852509412914515,
              -0.002187932375818491
            ],
            [
              0.004568586591631174,
              0.20405727624893188,
              0.002134394133463502,
              0.16742080450057983,
              -0.011318389326334,
              -0.012795869261026382,
              -0.010358852334320545,
              -0.013874090276658535
            ],
            [
              0.18592675030231476,
              0.002688056556507945,
              0.4331752061843872,
              0.018608413636684418,
              -0.26410871744155884,
              -0.10931754112243652,
              0.007695495616644621,
              -0.00404262775555253
            ],
            [
              0.002123103477060795,
              0.17927679419517517,
              0.017992690205574036,
              0.2144603580236435,
              -0.008397738449275494,
              -0.00775091303512454,
              -0.007239528466016054,
              -0.006260381545871496
            ],
            [
              -0.1185610219836235,
              -0.010509604588150978,
              -0.26040250062942505,
              -0.007571029476821423,
              0.2753514051437378,
              0.11917369067668915,
              -0.008220644667744637,
              0.009000089950859547
            ],
            [
              -0.03776279836893082,
              -0.012787253595888615,
              -0.10114005208015442,
              -0.005674153566360474,
              0.11867672204971313,
              0.12278074026107788,
              -0.004068282898515463,
              0.007550963666290045
            ],
            [
              0.002464989898726344,
              -0.004572744946926832,
              0.00464323116466403,
              0.0003210577997379005,
              -0.00607090350240469,
              -0.006542061921209097,
              0.006310300435870886,
              0.0002739718765951693
            ],
            [
              -0.0016825440106913447,
              -0.007119113113731146,
              -0.0010328046046197414,
              0.002951652044430375,
              0.007569449953734875,
              0.01069773267954588,
              4.864887159783393e-05,
              0.008864540606737137
            ]
          ],
          "asymmetry": [
