{
  "timestamp": "2026-02-07T14:55:01.156180",
  "experiment_name": "variational_laplace_comparison",
  "config": {
    "landscapes": [
      "unimodal_quadratic",
      "multimodal_two_basin",
      "double_well",
      "mexican_hat",
      "lunarlander_8d"
    ],
    "langevin_samples": 5000,
    "laplace_optimizer": "L-BFGS-B"
  },
  "metrics": {
    "unimodal_quadratic": {
      "landscape": "unimodal_quadratic",
      "config": {
        "n_objects": 2,
        "vars_per_object": 5,
        "vars_per_blanket": 3,
        "intra_strength": 6.0,
        "blanket_strength": 0.8
      },
      "metrics": {
        "frobenius_distance": 0.5317279245488793,
        "relative_frobenius": 0.3008251271106207,
        "partition_nmi": 0.8298724943703059,
        "nmi_laplace_vs_gt": 1.0,
        "nmi_tb_vs_gt": 0.8298724943703059,
        "laplace_wall_time": 0.0027748000575229526,
        "tb_wall_time": 1.5519305999623612,
        "laplace_assignment": [
          0,
          0,
          0,
          0,
          0,
          1,
          1,
          1,
          1,
          1,
          -1,
          -1,
          -1
        ],
        "tb_assignment": [
          1,
          1,
          1,
          1,
          1,
          0,
          0,
          0,
          0,
          0,
          -1,
          -1,
          0
        ],
        "laplace_blanket": [
          false,
          false,
          false,
          false,
          false,
          false,
          false,
          false,
          false,
          false,
          true,
          true,
          true
        ],
        "tb_blanket": [
          false,
          false,
          false,
          false,
          false,
          false,
          false,
          false,
          false,
          false,
          true,
          true,
          false
        ]
      },
      "hessian_frobenius": 91.05206183769388,
      "hessian_rel_frob": 0.8880951597946118,
      "laplace_hessian": [
        [
          30.0,
          6.0,
          6.0,
          6.0,
          6.0,
          0.0,
          0.0,
          0.0,
          0.0,
          0.0,
          0.8,
          0.8,
          0.8
        ],
        [
          6.0,
          30.0,
          6.0,
          6.0,
          6.0,
          0.0,
          0.0,
          0.0,
          0.0,
          0.0,
          0.8,
          0.8,
          0.8
        ],
        [
          6.0,
          6.0,
          30.0,
          6.0,
          6.0,
          0.0,
          0.0,
          0.0,
          0.0,
          0.0,
          0.8,
          0.8,
          0.8
        ],
        [
          6.0,
          6.0,
          6.0,
          30.0,
          6.0,
          0.0,
          0.0,
          0.0,
          0.0,
          0.0,
          0.8,
          0.8,
          0.8
        ],
        [
          6.0,
          6.0,
          6.0,
          6.0,
          30.0,
          0.0,
          0.0,
          0.0,
          0.0,
          0.0,
          0.8,
          0.8,
          0.8
        ],
        [
          0.0,
          0.0,
          0.0,
          0.0,
          0.0,
          30.0,
          6.0,
          6.0,
          6.0,
          6.0,
          0.8,
          0.8,
          0.8
        ],
        [
          0.0,
          0.0,
          0.0,
          0.0,
          0.0,
          6.0,
          30.0,
          6.0,
          6.0,
          6.0,
          0.8,
          0.8,
          0.8
        ],
        [
          0.0,
          0.0,
          0.0,
          0.0,
          0.0,
          6.0,
          6.0,
          30.0,
          6.0,
          6.0,
          0.8,
          0.8,
          0.8
        ],
        [
          0.0,
          0.0,
          0.0,
          0.0,
          0.0,
          6.0,
          6.0,
          6.0,
          30.0,
          6.0,
          0.8,
          0.8,
          0.8
        ],
        [
          0.0,
          0.0,
          0.0,
          0.0,
          0.0,
          6.0,
          6.0,
          6.0,
          6.0,
          30.0,
          0.8,
          0.8,
          0.8
        ],
        [
          0.8,
          0.8,
          0.8,
          0.8,
          0.8,
          0.8,
          0.8,
          0.8,
          0.8,
          0.8,
          3.0,
          1.0,
          1.0
        ],
        [
          0.8,
          0.8,
          0.8,
          0.8,
          0.8,
          0.8,
          0.8,
          0.8,
          0.8,
          0.8,
          1.0,
          3.0,
          1.0
        ],
        [
          0.8,
          0.8,
          0.8,
          0.8,
          0.8,
          0.8,
          0.8,
          0.8,
          0.8,
          0.8,
          1.0,
          1.0,
          3.0
        ]
      ],
      "tb_hessian": [
        [
          3.2064524353137496,
          0.5906349691480951,
          0.7465944900792576,
          0.7558792925408312,
          0.7215970085261966,
          0.02946155001330178,
          -0.030874314140299265,
          -0.04446462083681381,
          -0.019471311916187912,
          -0.12867466505588493,
          0.0403903079545014,
          0.04842988909857314,
          0.16124941640646226
        ],
        [
          0.5906349691480951,
          3.1806765258052723,
          0.6345898027768787,
          0.8006926520902115,
          0.6680981444242013,
          -0.0462472538645268,
          0.10215325975305704,
          0.1733718077384039,
          0.09711682497542656,
          0.05492457607317604,
          0.07269241502693233,
          0.08795897808500759,
          0.08427781936668623
        ],
        [
          0.7465944900792576,
          0.6345898027768787,
          3.0826608001586897,
          0.8013603904417712,
          0.70439156329901,
          0.005683229955230411,
          0.09709642863360364,
          -0.11808148083235492,
          0.13575871758002422,
          -0.24698159518276105,
          0.0477920853433554,
          0.06119208666954149,
          0.12004442020778693
        ],
        [
          0.7558792925408312,
          0.8006926520902115,
          0.8013603904417712,
          3.5295327672679107,
          0.7638299465988989,
          -0.16000312363048474,
          -0.085509174070238,
          0.13119021481281565,
          0.15210580999123882,
          -0.12559135236738447,
          0.0973173869546967,
          0.10555329495859868,
          0.06166438213544773
        ],
        [
          0.7215970085261966,
          0.6680981444242013,
          0.70439156329901,
          0.7638299465988989,
          3.298893490040077,
          0.020651155017635283,
          0.09217511932390278,
          -0.10818338764696114,
          -0.05549528280292844,
          -0.09619349671502597,
          0.1147827328198867,
          0.08821171573383067,
          0.005718251813142883
        ],
        [
          0.02946155001330178,
          -0.0462472538645268,
          0.005683229955230411,
          -0.16000312363048474,
          0.020651155017635283,
          3.1642423363975505,
          0.8739116205373978,
          0.9203213745053247,
          0.7647686815642447,
          0.5913762379723098,
          0.0730029396221785,
          0.12347490546750861,
          0.11938344412972972
        ],
        [
          -0.030874314140299265,
          0.10215325975305704,
          0.09709642863360364,
          -0.085509174070238,
          0.09217511932390278,
          0.8739116205373978,
          3.4694909506790004,
          0.7579292746516022,
          0.8172275422708055,
          0.7019760512650531,
          0.0629171892762668,
          0.15799079910326913,
          0.019791597136984827
        ],
        [
          -0.04446462083681381,
          0.1733718077384039,
          -0.11808148083235492,
          0.13119021481281565,
          -0.10818338764696114,
          0.9203213745053247,
          0.7579292746516022,
          3.5032973286321147,
          0.8310429125266435,
          0.9386955698619067,
          0.12766133446859687,
          0.10151667139405965,
          0.08840940631329919
        ],
        [
          -0.019471311916187912,
          0.09711682497542656,
          0.13575871758002422,
          0.15210580999123882,
          -0.05549528280292844,
          0.7647686815642447,
          0.8172275422708055,
          0.8310429125266435,
          2.960245551201461,
          0.7546438429001959,
          0.09017627260946436,
          0.062413816397874,
          0.11021573031809791
        ],
        [
          -0.12867466505588493,
          0.05492457607317604,
          -0.24698159518276105,
          -0.12559135236738447,
          -0.09619349671502597,
          0.5913762379723098,
          0.7019760512650531,
          0.9386955698619067,
          0.7546438429001959,
          3.5438703423197735,
          0.12547972175609087,
          0.13040588263955114,
          0.12007545876499776
        ],
        [
          0.0403903079545014,
          0.07269241502693233,
          0.0477920853433554,
          0.0973173869546967,
          0.1147827328198867,
          0.0730029396221785,
          0.0629171892762668,
          0.12766133446859687,
          0.09017627260946436,
          0.12547972175609087,
          0.2752098861231633,
          0.052255294322447986,
          0.07613326581185034
        ],
        [
          0.04842988909857314,
          0.08795897808500759,
          0.06119208666954149,
          0.10555329495859868,
          0.08821171573383067,
          0.12347490546750861,
          0.15799079910326913,
          0.10151667139405965,
          0.062413816397874,
          0.13040588263955114,
          0.052255294322447986,
          0.2189288812956414,
          0.07095570388271771
        ],
        [
          0.16124941640646226,
          0.08427781936668623,
          0.12004442020778693,
          0.06166438213544773,
          0.005718251813142883,
          0.11938344412972972,
          0.019791597136984827,
          0.08840940631329919,
          0.11021573031809791,
          0.12007545876499776,
          0.07613326581185034,
          0.07095570388271771,
          0.4018681476396905
        ]
      ],
      "laplace_coupling": [
        [
          0.0,
          0.19999999993333334,
          0.19999999993333334,
          0.19999999993333334,
          0.19999999993333334,
          0.0,
          0.0,
          0.0,
          0.0,
          0.0,
          0.08432740411655655,
          0.08432740411655655,
          0.08432740411655655
        ],
        [
          0.19999999993333334,
          0.0,
          0.19999999993333334,
          0.19999999993333334,
          0.19999999993333334,
          0.0,
          0.0,
          0.0,
          0.0,
          0.0,
          0.08432740411655655,
          0.08432740411655655,
          0.08432740411655655
        ],
        [
          0.19999999993333334,
          0.19999999993333334,
          0.0,
          0.19999999993333334,
          0.19999999993333334,
          0.0,
          0.0,
          0.0,
          0.0,
          0.0,
          0.08432740411655655,
          0.08432740411655655,
          0.08432740411655655
        ],
        [
          0.19999999993333334,
          0.19999999993333334,
          0.19999999993333334,
          0.0,
          0.19999999993333334,
          0.0,
          0.0,
          0.0,
          0.0,
          0.0,
          0.08432740411655655,
          0.08432740411655655,
          0.08432740411655655
        ],
        [
          0.19999999993333334,
          0.19999999993333334,
          0.19999999993333334,
          0.19999999993333334,
          0.0,
          0.0,
          0.0,
          0.0,
          0.0,
          0.0,
          0.08432740411655655,
          0.08432740411655655,
          0.08432740411655655
        ],
        [
          0.0,
          0.0,
          0.0,
          0.0,
          0.0,
          0.0,
          0.19999999993333334,
          0.19999999993333334,
          0.19999999993333334,
          0.19999999993333334,
          0.08432740411655655,
          0.08432740411655655,
          0.08432740411655655
        ],
        [
          0.0,
          0.0,
          0.0,
          0.0,
          0.0,
          0.19999999993333334,
          0.0,
          0.19999999993333334,
          0.19999999993333334,
          0.19999999993333334,
          0.08432740411655655,
          0.08432740411655655,
          0.08432740411655655
        ],
        [
          0.0,
          0.0,
          0.0,
          0.0,
          0.0,
          0.19999999993333334,
          0.19999999993333334,
          0.0,
          0.19999999993333334,
          0.19999999993333334,
          0.08432740411655655,
          0.08432740411655655,
          0.08432740411655655
        ],
        [
          0.0,
          0.0,
          0.0,
          0.0,
          0.0,
          0.19999999993333334,
          0.19999999993333334,
          0.19999999993333334,
          0.0,
          0.19999999993333334,
          0.08432740411655655,
          0.08432740411655655,
          0.08432740411655655
        ],
        [
          0.0,
          0.0,
          0.0,
          0.0,
          0.0,
          0.19999999993333334,
          0.19999999993333334,
          0.19999999993333334,
          0.19999999993333334,
          0.0,
          0.08432740411655655,
          0.08432740411655655,
          0.08432740411655655
        ],
        [
          0.08432740411655655,
          0.08432740411655655,
          0.08432740411655655,
          0.08432740411655655,
          0.08432740411655655,
          0.08432740411655655,
          0.08432740411655655,
          0.08432740411655655,
          0.08432740411655655,
          0.08432740411655655,
          0.0,
          0.33333333222222217,
          0.33333333222222217
        ],
        [
          0.08432740411655655,
          0.08432740411655655,
          0.08432740411655655,
          0.08432740411655655,
          0.08432740411655655,
          0.08432740411655655,
          0.08432740411655655,
          0.08432740411655655,
          0.08432740411655655,
          0.08432740411655655,
          0.33333333222222217,
          0.0,
          0.33333333222222217
        ],
        [
          0.08432740411655655,
          0.08432740411655655,
          0.08432740411655655,
          0.08432740411655655,
          0.08432740411655655,
          0.08432740411655655,
          0.08432740411655655,
          0.08432740411655655,
          0.08432740411655655,
          0.08432740411655655,
          0.33333333222222217,
          0.33333333222222217,
          0.0
        ]
      ],
      "tb_coupling": [
        [
          0.0,
          0.18494687542929963,
          0.2374704114216198,
          0.2246888043163137,
          0.22186978952154032,
          0.009249288321982343,
          0.009256611428914222,
          0.013266723829631896,
          0.006320027084119026,
          0.0381717199236496,
          0.04299646365237449,
          0.057802887380801894,
          0.1420508866147287
        ],
        [
          0.18494687542929963,
          0.0,
          0.20266113120926357,
          0.2389722526196071,
          0.2062511420186595,
          0.01457777774059319,
          0.030751024802150806,
          0.05193740204173252,
          0.03164979127662738,
          0.01635942537036738,
          0.07769576007039532,
          0.105406861546296,
          0.07454383577681532
        ],
        [
          0.2374704114216198,
          0.20266113120926357,
          0.0,
          0.24294411794549461,
          0.22088545743465754,
          0.001819690322989178,
          0.029689815709915544,
          0.03593191943137809,
          0.04494081906584619,
          0.07472446330236371,
          0.05188730148084032,
          0.07448706332258088,
          0.10785426078855385
        ],
        [
          0.2246888043163137,
          0.2389722526196071,
          0.24294411794549461,
          0.0,
          0.22384836186567228,
          0.04787788738487922,
          0.02443549934578691,
          0.03730820294529671,
          0.047056900781642305,
          0.03551094348491055,
          0.09874151908357799,
          0.12007750217376562,
          0.051776653079379675
        ],
        [
          0.22186978952154032,
          0.2062511420186595,
          0.22088545743465754,
          0.22384836186567228,
          0.0,
          0.006391831629481946,
          0.027245618879815667,
          0.03182276605963832,
          0.017758572329691698,
          0.028133427674326823,
          0.12046486203143542,
          0.10379838149628118,
          0.004966350054234517
        ],
        [
          0.009249288321982343,
          0.01457777774059319,
          0.001819690322989178,
          0.04787788738487922,
          0.006391831629481946,
          0.0,
          0.2637544292346745,
          0.27641788296067377,
          0.2498799167734275,
          0.1765997501771006,
          0.07823002225288832,
          0.14835162001199234,
          0.10586866423507774
        ],
        [
          0.009256611428914222,
          0.030751024802150806,
          0.029689815709915544,
          0.02443549934578691,
          0.027245618879815667,
          0.2637544292346745,
          0.0,
          0.21739887814936407,
          0.2550035590629164,
          0.2001937430165374,
          0.06438792173997658,
          0.18127894942362197,
          0.016761240627940988
        ],
        [
          0.013266723829631896,
          0.05193740204173252,
          0.03593191943137809,
          0.03730820294529671,
          0.03182276605963832,
          0.27641788296067377,
          0.21739887814936407,
          0.0,
          0.2580602285964231,
          0.2664080554310116,
          0.13001362131329958,
          0.11591705258944657,
          0.07451061937922634
        ],
        [
          0.006320027084119026,
          0.03164979127662738,
          0.04494081906584619,
          0.047056900781642305,
          0.017758572329691698,
          0.2498799167734275,
          0.2550035590629164,
          0.2580602285964231,
          0.0,
          0.23299105479729842,
          0.09990710745968925,
          0.07752920484219399,
          0.10105037098735047
        ],
        [
          0.0381717199236496,
          0.01635942537036738,
          0.07472446330236371,
          0.03551094348491055,
          0.028133427674326823,
          0.1765997501771006,
          0.2001937430165374,
          0.2664080554310116,
          0.23299105479729842,
          0.0,
          0.12705817381460596,
          0.148049426819494,
          0.10061750426533325
        ],
        [
          0.04299646365237449,
          0.07769576007039532,
          0.05188730148084032,
          0.09874151908357799,
          0.12046486203143542,
          0.07823002225288832,
          0.06438792173997658,
          0.13001362131329958,
          0.09990710745968925,
          0.12705817381460596,
          0.0,
          0.21288582082665206,
          0.22892890801914983
        ],
        [
          0.057802887380801894,
          0.105406861546296,
          0.07448706332258088,
          0.12007750217376562,
          0.10379838149628118,
          0.14835162001199234,
          0.18127894942362197,
          0.11591705258944657,
          0.07752920484219399,
          0.148049426819494,
          0.21288582082665206,
          0.0,
          0.2392180660521135
        ],
        [
          0.1420508866147287,
          0.07454383577681532,
          0.10785426078855385,
          0.051776653079379675,
          0.004966350054234517,
          0.10586866423507774,
          0.016761240627940988,
          0.07451061937922634,
          0.10105037098735047,
          0.10061750426533325,
          0.22892890801914983,
          0.2392180660521135,
          0.0
        ]
      ]
    },
    "multimodal": {
      "landscape": "multimodal_two_basin",
      "dim": 10,
      "metrics_basin_A": {
        "frobenius_distance": 1.1407724961832553,
        "relative_frobenius": 0.6837887253646363,
        "partition_nmi": 0.37305540647756724,
        "nmi_laplace_vs_gt": null,
        "nmi_tb_vs_gt": null,
        "laplace_wall_time": 0.14613220002502203,
        "tb_wall_time": 11.46137000003364,
        "laplace_assignment": [
          1,
          1,
          1,
          1,
          0,
          0,
          0,
          0,
          -1,
          -1
        ],
        "tb_assignment": [
          -1,
          0,
          0,
          -1,
          -1,
          -1,
          1,
          -1,
          0,
          1
        ],
        "laplace_blanket": [
          false,
          false,
          false,
          false,
          false,
          false,
          false,
          false,
          true,
          true
        ],
        "tb_blanket": [
          true,
          false,
          false,
          true,
          true,
          true,
          false,
          true,
          false,
          false
        ]
      },
      "metrics_basin_B": {
        "frobenius_distance": 1.1407725200708263,
        "relative_frobenius": 0.6837887396830493,
        "partition_nmi": 0.37305540647756724,
        "nmi_laplace_vs_gt": null,
        "nmi_tb_vs_gt": null,
        "laplace_wall_time": 0.06591030000708997,
        "tb_wall_time": 11.46137000003364,
        "laplace_assignment": [
          1,
          1,
          1,
          1,
          0,
          0,
          0,
          0,
          -1,
          -1
        ],
        "tb_assignment": [
          -1,
          0,
          0,
          -1,
          -1,
          -1,
          1,
          -1,
          0,
          1
        ],
        "laplace_blanket": [
          false,
          false,
          false,
          false,
          false,
          false,
          false,
          false,
          true,
          true
        ],
        "tb_blanket": [
          true,
          false,
          false,
          true,
          true,
          true,
          false,
          true,
          false,
          false
        ]
      },
      "frob_laplace_A_vs_B": 2.0301846384511723e-07,
      "tb_mean_offdiag": 0.13432162788872126,
      "laplace_A_mean_offdiag": 0.06968098523383416,
      "laplace_A_coupling": [
        [
          0.0,
          0.2116096693285502,
          0.21160966790530022,
          0.2116096693285502,
          0.0021997033596983925,
          0.002199676455796682,
          0.0021997033744931838,
          0.0021996899225422382,
          0.03356062573300967,
          0.0335606255511999
        ],
        [
          0.2116096693285502,
          0.0,
          0.21161724077029181,
          0.21161724219359268,
          0.002199759930074272,
          0.002199773381712983,
          0.0021997599448694435,
          0.002199773396508245,
          0.033561826866176314,
          0.0335618146118821
        ],
        [
          0.21160966790530022,
          0.21161724077029181,
          0.0,
          0.21161724077029181,
          0.0021997733669176884,
          0.0021997599152790677,
          0.0021997733817129507,
          0.0021997599300742393,
          0.03356181456796736,
          0.033561826458629006
        ],
        [
          0.2116096693285502,
          0.21161724219359268,
          0.21161724077029181,
          0.0,
          0.002199773381712983,
          0.002199759930074272,
          0.0021997599448694435,
          0.0021997599448694435,
          0.03356183893865432,
          0.03356182668436004
        ],
        [
          0.0021997033596983925,
          0.002199759930074272,
          0.0021997733669176884,
          0.002199773381712983,
          0.0,
          0.21161459903543328,
          0.2116146139103373,
          0.21161460045871325,
          0.03356142789813566,
          0.03356143978878624
        ],
        [
          0.002199676455796682,
          0.002199773381712983,
          0.0021997599152790677,
          0.002199759930074272,
          0.21161459903543328,
          0.0,
          0.21161460045871325,
          0.21161460045871325,
          0.033561439970600425,
          0.03356143978878624
        ],
        [
          0.0021997033744931838,
          0.0021997599448694435,
          0.0021997733817129507,
          0.0021997599448694435,
          0.2116146139103373,
          0.21161460045871325,
          0.0,
          0.21161460188199327,
          0.033561428123863514,
          0.03356144001451418
        ],
        [
          0.0021996899225422382,
          0.002199773396508245,
          0.0021997599300742393,
          0.0021997599448694435,
          0.21161460045871325,
          0.21161460045871325,
          0.21161460188199327,
          0.0,
          0.03356144019632836,
          0.03356144001451418
        ],
        [
          0.03356062573300967,
          0.033561826866176314,
          0.03356181456796736,
          0.03356183893865432,
          0.03356142789813566,
          0.033561439970600425,
          0.033561428123863514,
          0.03356144019632836,
          0.0,
          0.024096334253443485
        ],
        [
          0.0335606255511999,
          0.0335618146118821,
          0.033561826458629006,
          0.03356182668436004,
          0.03356143978878624,
          0.03356143978878624,
          0.03356144001451418,
          0.03356144001451418,
          0.024096334253443485,
          0.0
        ]
      ],
      "laplace_B_coupling": [
        [
          0.0,
          0.21160967786831458,
          0.21160970334899667,
          0.21160967786831458,
          0.0021996900113133233,
          0.002199716930011184,
          0.0021996900113133233,
          0.0021996900113133233,
          0.03356065114508019,
          0.03356063907232159
        ],
        [
          0.21160967786831458,
          0.0,
          0.21161724646349556,
          0.2116172613384503,
          0.002199746552411034,
          0.002199746567206117,
          0.002199746552411034,
          0.002199746552411034,
          0.03356181560879267,
          0.03356181560879267
        ],
        [
          0.21160970334899667,
          0.21161724646349556,
          0.0,
          0.21161724646349556,
          0.002199759989254993,
          0.0021997465524110026,
          0.002199759989254993,
          0.002199759989254993,
          0.03356182745553993,
          0.03356182745553993
        ],
        [
          0.21160967786831458,
          0.2116172613384503,
          0.21161724646349556,
          0.0,
          0.002199746552411034,
          0.002199746567206117,
          0.002199746552411034,
          0.002199746552411034,
          0.03356181560879267,
          0.03356181560879267
        ],
        [
          0.0021996900113133233,
          0.002199746552411034,
          0.002199759989254993,
          0.002199746552411034,
          0.0,
          0.21161463590164295,
          0.2116146210267381,
          0.2116146210267381,
          0.03356146515634291,
          0.03356146515634291
        ],
        [
          0.002199716930011184,
          0.002199746567206117,
          0.0021997465524110026,
          0.002199746567206117,
          0.21161463590164295,
          0.0,
          0.21161462245001836,
          0.21161463590164295,
          0.033561465382071026,
          0.03356147745453625
        ],
        [
          0.0021996900113133233,
          0.002199746552411034,
          0.002199759989254993,
          0.002199746552411034,
          0.2116146210267381,
          0.21161462245001836,
          0.0,
          0.2116146210267381,
          0.03356146515634291,
          0.03356146515634291
        ],
        [
          0.0021996900113133233,
          0.002199746552411034,
          0.002199759989254993,
          0.002199746552411034,
          0.2116146210267381,
          0.21161463590164295,
          0.2116146210267381,
          0.0,
          0.03356146515634291,
          0.03356146515634291
        ],
        [
          0.03356065114508019,
          0.03356181560879267,
          0.03356182745553993,
          0.03356181560879267,
          0.03356146515634291,
          0.033561465382071026,
          0.03356146515634291,
          0.03356146515634291,
          0.0,
          0.02409632407142798
        ],
        [
          0.03356063907232159,
          0.03356181560879267,
          0.03356182745553993,
          0.03356181560879267,
          0.03356146515634291,
          0.03356147745453625,
          0.03356146515634291,
          0.03356146515634291,
          0.02409632407142798,
          0.0
        ]
      ],
      "tb_coupling": [
        [
          0.0,
          0.224509829925598,
          0.2427090322765009,
          0.3303656938509861,
          0.10450353785493477,
          0.0660590330848778,
          0.11388371610581252,
          0.05535363194186205,
          0.1620934172687783,
          0.06503103730036805
        ],
        [
          0.224509829925598,
          0.0,
          0.4250409129904208,
          0.42062998771070875,
          0.04053142618638051,
          0.2830896322530432,
          0.15092187225186846,
          0.24046412618960789,
          0.021564672846493233,
          0.059258927894520655
        ],
        [
          0.2427090322765009,
          0.4250409129904208,
          0.0,
          0.010131636840673624,
          0.218540037248252,
          0.032002744249337266,
          0.027683214465492847,
          0.06353647645812428,
          0.11748053770597558,
          0.03298861460415988
        ],
        [
          0.3303656938509861,
          0.42062998771070875,
          0.010131636840673624,
          0.0,
          0.03710410329297133,
          0.32089171861512383,
          0.01957305783962773,
          0.25230439886672623,
          0.07953161770238323,
          0.03498550374719119
        ],
        [
          0.10450353785493477,
          0.04053142618638051,
          0.218540037248252,
          0.03710410329297133,
          0.0,
          0.048612554201470384,
          0.2827895353896213,
          0.22830360438135514,
          0.08252834997210778,
          0.09469057171398258
        ],
        [
          0.0660590330848778,
          0.2830896322530432,
          0.032002744249337266,
          0.32089171861512383,
          0.048612554201470384,
          0.0,
          0.1655418319067326,
          0.2738669053567018,
          0.0515707734883196,
          0.055045726297656486
        ],
        [
          0.11388371610581252,
          0.15092187225186846,
          0.027683214465492847,
          0.01957305783962773,
          0.2827895353896213,
          0.1655418319067326,
          0.0,
          0.20783969351453488,
          0.0903972537477865,
          0.18118151558786882
        ],
        [
          0.05535363194186205,
          0.24046412618960789,
          0.06353647645812428,
          0.25230439886672623,
          0.22830360438135514,
          0.2738669053567018,
          0.20783969351453488,
          0.0,
          0.0031690018171093596,
          0.015455922868353579
        ],
        [
          0.1620934172687783,
          0.021564672846493233,
          0.11748053770597558,
          0.07953161770238323,
          0.08252834997210778,
          0.0515707734883196,
          0.0903972537477865,
          0.0031690018171093596,
          0.0,
          0.010715865180056608
        ],
        [
          0.06503103730036805,
          0.059258927894520655,
          0.03298861460415988,
          0.03498550374719119,
          0.09469057171398258,
          0.055045726297656486,
          0.18118151558786882,
          0.015455922868353579,
          0.010715865180056608,
          0.0
        ]
      ],
      "laplace_A_wall_time": 0.14613220002502203,
      "laplace_B_wall_time": 0.06591030000708997,
      "tb_wall_time": 11.46137000003364
    },
    "non_gaussian": {
      "double_well": {
        "dim": 6,
        "metrics": {
          "frobenius_distance": 0.47250329074755926,
          "relative_frobenius": 0.9999999788361267,
          "partition_nmi": 0.2010413099536331,
          "nmi_laplace_vs_gt": null,
          "nmi_tb_vs_gt": null,
          "laplace_wall_time": 0.0010232999920845032,
          "tb_wall_time": 0.11346420005429536,
          "laplace_assignment": [
            0,
            1,
            0,
            0,
            0,
            1
          ],
          "tb_assignment": [
            -1,
            0,
            0,
            1,
            1,
            -1
          ],
          "laplace_blanket": [
            false,
            false,
            false,
            false,
            false,
            false
          ],
          "tb_blanket": [
            true,
            false,
            false,
            false,
            false,
            true
          ]
        },
        "laplace_coupling": [
          [
            0.0,
            0.0,
            0.0,
            0.0,
            0.0,
            0.0
          ],
          [
            0.0,
            0.0,
            0.0,
            0.0,
            0.0,
            0.0
          ],
          [
            0.0,
            0.0,
            0.0,
            0.0,
            0.0,
            0.0
          ],
          [
            0.0,
            0.0,
            0.0,
            0.0,
            0.0,
            0.0
          ],
          [
            0.0,
            0.0,
            0.0,
            0.0,
            0.0,
            0.0
          ],
          [
            0.0,
            0.0,
            0.0,
            0.0,
            0.0,
            0.0
          ]
        ],
        "tb_coupling": [
          [
            0.0,
            0.06873118902935003,
            0.05487149812644659,
            0.12368632956920327,
            0.017299472273579333,
            0.0720167363621354
          ],
          [
            0.06873118902935003,
            0.0,
            0.1357398660775033,
            0.061655720046680275,
            0.07787128168188241,
            0.09564989737516637
          ],
          [
            0.05487149812644659,
            0.1357398660775033,
            0.0,
            0.07037737364906753,
            0.0624445162195384,
            0.028726859054197754
          ],
          [
            0.12368632956920327,
            0.061655720046680275,
            0.07037737364906753,
            0.0,
            0.05277822687692718,
            0.16378821620770467
          ],
          [
            0.017299472273579333,
            0.07787128168188241,
            0.0624445162195384,
            0.05277822687692718,
            0.0,
            0.07988496639987701
          ],
          [
            0.0720167363621354,
            0.09564989737516637,
            0.028726859054197754,
            0.16378821620770467,
            0.07988496639987701,
            0.0
          ]
        ],
        "laplace_hessian_diag": [
          8.00000000011011,
          8.00000000011011,
          8.00000000011011,
          8.00000000011011,
          8.00000000011011,
          8.00000000011011
        ],
        "tb_hessian_diag": [
          1.7946300318863333,
          1.980916805621967,
          2.094049491410313,
          2.0100093275256214,
          1.846808346151119,
          1.7114035739411309
        ],
        "laplace_wall_time": 0.0010232999920845032,
        "tb_wall_time": 0.11346420005429536
      },
      "mexican_hat": {
        "dim": 4,
        "metrics": {
          "frobenius_distance": 0.883876763050188,
          "relative_frobenius": 0.9999999886862057,
          "partition_nmi": 0.39999999999999997,
          "nmi_laplace_vs_gt": null,
          "nmi_tb_vs_gt": null,
          "laplace_wall_time": 0.0008447000291198492,
          "tb_wall_time": 0.11569779994897544,
          "laplace_assignment": [
            0,
            1,
            1,
            0
          ],
          "tb_assignment": [
            0,
            0,
            -1,
            1
          ],
          "laplace_blanket": [
            false,
            false,
            false,
            false
          ],
          "tb_blanket": [
            false,
            false,
            true,
            false
          ]
        },
        "laplace_coupling": [
          [
            0.0,
            0.0,
            0.0,
            0.0
          ],
          [
            0.0,
            0.0,
            0.0,
            0.0
          ],
          [
            0.0,
            0.0,
            0.0,
            0.0
          ],
          [
            0.0,
            0.0,
            0.0,
            0.0
          ]
        ],
        "tb_coupling": [
          [
            0.0,
            0.17654180747613288,
            0.5005098829722047,
            0.012112961650542748
          ],
          [
            0.17654180747613288,
            0.0,
            0.2133166938722144,
            0.018702072680003155
          ],
          [
            0.5005098829722047,
            0.2133166938722144,
            0.0,
            0.25088126702327035
          ],
          [
            0.012112961650542748,
            0.018702072680003155,
            0.25088126702327035,
            0.0
          ]
        ],
        "laplace_hessian_eigvals": [
          3.4438052409768716e-10,
          3.4438052409768716e-10,
          3.4438052409768716e-10,
          8.000000001033142
        ],
        "tb_hessian_eigvals": [
          0.155929069583168,
          0.47949148616789894,
          0.5980275317409396,
          0.7360083920241095
        ],
        "laplace_wall_time": 0.0008447000291198492,
        "tb_wall_time": 0.11569779994897544
      }
    },
    "lunarlander_8d": {
      "landscape": "lunarlander_8d",
      "dim": 8,
      "n_transitions": 4508,
      "metrics": {
        "frobenius_distance": 2.1415401661613243,
        "relative_frobenius": 0.8879238264867728,
        "partition_nmi": 0.5468828911699958,
        "nmi_laplace_vs_gt": null,
        "nmi_tb_vs_gt": null,
        "laplace_wall_time": 0.002225200063548982,
        "tb_wall_time": 0.028817599988542497,
        "laplace_assignment": [
          -1,
          -1,
          0,
          1,
          -1,
          0,
          1,
          1
        ],
        "tb_assignment": [
          1,
          0,
          1,
          0,
          1,
          -1,
          0,
          0
        ],
        "laplace_blanket": [
          true,
          true,
          false,
          false,
          true,
          false,
          false,
          false
        ],
        "tb_blanket": [
          false,
          false,
          false,
          false,
          false,
          true,
          false,
          false
        ]
      },
      "laplace_coupling": [
        [
          0.0,
          0.11578528932444343,
          0.02868947403426757,
          0.0032055871123323914,
          0.07095148452473116,
          0.011124414818628444,
          0.01949770129846466,
          0.0242342736237134
        ],
        [
          0.11578528932444343,
          0.0,
          0.12934962310296605,
          0.2743503752707301,
          0.14048954352722912,
          0.1515743274869319,
          0.0456909141750582,
          0.290185647000574
        ],
        [
          0.02868947403426757,
          0.12934962310296605,
          0.0,
          0.018175117089522717,
          0.1350576565788642,
          0.5234022378145031,
          0.22812476260301356,
