{
  "timestamp": "2026-02-07T20:02:58.009847",
  "experiment_name": "eigengap_trajectory",
  "config": {
    "n_train_episodes": 300,
    "checkpoint_interval": 25,
    "n_collect_episodes": 20,
    "n_ensemble": 5,
    "hidden_dim": 256,
    "seed": 42,
    "checkpoint_episodes": [
      25,
      50,
      75,
      100,
      125,
      150,
      175,
      200,
      225,
      250,
      275,
      300
    ]
  },
  "metrics": {
    "trajectory_summary": {
      "episodes": [
        0,
        25,
        50,
        75,
        100,
        125,
        150,
        175,
        200,
        225,
        250,
        275,
        300
      ],
      "eigengaps": [
        4.999999999999995,
        7.999999999999994,
        7.999999999999994,
        7.999999999999994,
        7.999999999999994,
        5.999999999999995,
        5.999999999999995,
        5.999999999999992,
        5.999999999999991,
        5.999999999999994,
        7.999999999999994,
        7.999999999999994,
        5.999999999999995
      ],
      "n_objects": [
        2,
        2,
        2,
        2,
        2,
        2,
        2,
        2,
        2,
        2,
        2,
        2,
        2
      ],
      "blanket_sizes": [
        3,
        6,
        3,
        2,
        2,
        2,
        5,
        5,
        1,
        5,
        2,
        5,
        2
      ],
      "coupling_frobenius": [
        1.8053094597196613,
        4.513237767368494,
        3.119936345432344,
        3.205638826301314,
        2.8001710925471768,
        2.8920723285671874,
        3.08935550440409,
        3.1767880199213097,
        3.6884136202441837,
        4.001744352939228,
        4.225305183686169,
        4.193897480104023,
        4.311504409335272
      ],
      "mean_returns": [
        0.0,
        -171.75367720153181,
        -163.8111732341496,
        -166.88706524960918,
        -177.2834608589175,
        -194.36961300723203,
        -196.57896252320538,
        -185.3159146952743,
        -183.92230948948318,
        -192.5138519897898,
        -166.48913433703441,
        -204.4682132783622,
        -212.09332069293205
      ],
      "mean_losses": [
        0.0,
        -1.848778147958219,
        -2.9290716497898104,
        -3.2082081779479976,
        -3.290252350831032,
        -3.4595018914699556,
        -3.633751107215881,
        -3.81173674621582,
        -3.8753248715400694,
        -4.015349314498901,
        -4.055303492975234,
        -4.100120210647583,
        -4.128595696640015
      ]
    },
    "checkpoint_metrics": [
      {
        "eigengap": 4.999999999999995,
        "n_clusters_spectral": 1,
        "n_objects": 2,
        "blanket_size": 3,
        "coupling_frobenius": 1.8053094597196613,
        "coupling_matrix": [
          [
            0.0,
            0.07876301437948459,
            0.42818273929426365,
            0.21741348780304312,
            0.27386133121318706,
            0.4524493351813446,
            0.1723769051044593,
            0.2219349203718616
          ],
          [
            0.07876301437948459,
            0.0,
            0.30787186102021535,
            0.417997733656217,
            0.07942396366724493,
            0.002214913343710887,
            0.222359503072643,
            0.041750679117766185
          ],
          [
            0.42818273929426365,
            0.30787186102021535,
            0.0,
            0.019965155506987013,
            0.06038913923136965,
            0.43285281299736156,
            0.24612751464567914,
            0.12106006549414457
          ],
          [
            0.21741348780304312,
            0.417997733656217,
            0.019965155506987013,
            0.0,
            0.025604103541070965,
            0.008646383203010482,
            0.09473355427232247,
            0.05326945159062725
          ],
          [
            0.27386133121318706,
            0.07942396366724493,
            0.06038913923136965,
            0.025604103541070965,
            0.0,
            0.18071689736783977,
            0.14227383057259918,
            0.511040157745363
          ],
          [
            0.4524493351813446,
            0.002214913343710887,
            0.43285281299736156,
            0.008646383203010482,
            0.18071689736783977,
            0.0,
            0.04378323185074378,
            0.20836200823898765
          ],
          [
            0.1723769051044593,
            0.222359503072643,
            0.24612751464567914,
            0.09473355427232247,
            0.14227383057259918,
            0.04378323185074378,
            0.0,
            0.26171370996095367
          ],
          [
            0.2219349203718616,
            0.041750679117766185,
            0.12106006549414457,
            0.05326945159062725,
            0.511040157745363,
            0.20836200823898765,
            0.26171370996095367,
            0.0
          ]
        ],
        "assignment": [
          0,
          1,
          0,
          1,
          -1,
          0,
          -1,
          -1
        ],
        "is_blanket": [
          false,
          false,
          false,
          false,
          true,
          false,
          true,
          true
        ],
        "eigenvalues": [
          5.329070518200751e-15,
          5.0,
          7.0000000000000036,
          7.999999999999999,
          8.0,
          8.0,
          8.000000000000002,
          8.000000000000002
        ],
        "object_dims": {
          "0": [
            "x",
            "vx",
            "ang_vel"
          ],
          "1": [
            "y",
            "vy"
          ]
        },
        "blanket_dims": [
          "angle",
          "left_leg",
          "right_leg"
        ],
        "hessian_est": [
          [
            0.0017939053425217912,
            -0.00012517107589562787,
            0.000681775314562325,
            0.00027725066632897945,
            0.00038723891875158857,
            -0.0005992933825196135,
            -0.00020656538763431944,
            -0.00034350704344254053
          ],
          [
            -0.00012517107589562787,
            0.0014078725869536256,
            -0.00043427421213820767,
            -0.00047221738345091244,
            9.949053556079311e-05,
            -2.5990114648420605e-06,
            0.00023605657202046044,
            -5.72473617328003e-05
          ],
          [
            0.000681775314562325,
            -0.00043427421213820767,
            0.0014132671781987287,
            2.259806224275751e-05,
            7.579132701865444e-05,
            -0.000508887941276779,
            -0.00026178877894618327,
            -0.00016631188929444726
          ],
          [
            0.00027725066632897945,
            -0.00047221738345091244,
            2.259806224275751e-05,
            0.0009065091958018072,
            2.5736189506030252e-05,
            -8.141236934052651e-06,
            -8.069910016208218e-05,
            5.861039085786841e-05
          ],
          [
            0.00038723891875158857,
            9.949053556079311e-05,
            7.579132701865444e-05,
            2.5736189506030252e-05,
            0.0011145423603563312,
            -0.00018867608024083525,
            0.00013438538921708545,
            -0.0006234671687876794
          ],
          [
            -0.0005992933825196135,
            -2.5990114648420605e-06,
            -0.000508887941276779,
            -8.141236934052651e-06,
            -0.00018867608024083525,
            0.0009780004384042627,
            3.87396853085745e-05,
            0.0002381213515024031
          ],
          [
            -0.00020656538763431944,
            0.00023605657202046044,
            -0.00026178877894618327,
            -8.069910016208218e-05,
            0.00013438538921708545,
            3.87396853085745e-05,
            0.0008004918438428832,
            -0.0002705921688577545
          ],
          [
            -0.00034350704344254053,
            -5.72473617328003e-05,
            -0.00016631188929444726,
            5.861039085786841e-05,
            -0.0006234671687876794,
            0.0002381213515024031,
            -0.0002705921688577545,
            0.001335426664341231
          ]
        ],
        "grad_magnitude": [
          0.04032650217413902,
          0.0307040736079216,
          0.03918107971549034,
          0.02499503083527088,
          0.034111373126506805,
          0.02383638545870781,
          0.023607993498444557,
          0.05154947191476822
        ],
        "episode": 0,
        "mean_return": 0.0,
        "mean_loss": 0.0
      },
      {
        "eigengap": 7.999999999999994,
        "n_clusters_spectral": 1,
        "n_objects": 2,
        "blanket_size": 6,
        "coupling_frobenius": 4.513237767368494,
        "coupling_matrix": [
          [
            0.0,
            0.5665596558891618,
            0.07315135515659227,
            0.18966832015995128,
            0.7911311586150601,
            0.8647434068655103,
            0.7450693040376504,
            0.7609159312765786
          ],
          [
            0.5665596558891618,
            0.0,
            0.07673140962896963,
            0.11638141724919865,
            0.6692859233282217,
            0.7305790593167328,
            0.8721049760526345,
            0.7866637665583556
          ],
          [
            0.07315135515659227,
            0.07673140962896963,
            0.0,
            0.033581846837699436,
            0.08272374236238432,
            0.08588182576488364,
            0.09886169974840364,
            0.0979019903736074
          ],
          [
            0.18966832015995128,
            0.11638141724919865,
            0.033581846837699436,
            0.0,
            0.273967602058972,
            0.22352045616333155,
            0.0321355550043122,
            0.015336764910288502
          ],
          [
            0.7911311586150601,
            0.6692859233282217,
            0.08272374236238432,
            0.273967602058972,
            0.0,
            0.9686231183526562,
            0.8288293830289958,
            0.8322892782068331
          ],
          [
            0.8647434068655103,
            0.7305790593167328,
            0.08588182576488364,
            0.22352045616333155,
            0.9686231183526562,
            0.0,
            0.8998816205311512,
            0.8875906376261439
          ],
          [
            0.7450693040376504,
            0.8721049760526345,
            0.09886169974840364,
            0.0321355550043122,
            0.8288293830289958,
            0.8998816205311512,
            0.0,
            0.9260301196989491
          ],
          [
            0.7609159312765786,
            0.7866637665583556,
            0.0979019903736074,
            0.015336764910288502,
            0.8322892782068331,
            0.8875906376261439,
            0.9260301196989491,
            0.0
          ]
        ],
        "assignment": [
          -1,
          -1,
          1,
          0,
          -1,
          -1,
          -1,
          -1
        ],
        "is_blanket": [
          true,
          true,
          false,
          false,
          true,
          true,
          true,
          true
        ],
        "eigenvalues": [
          5.329070518200751e-15,
          7.999999999999999,
          8.0,
          8.0,
          8.0,
          8.0,
          8.0,
          8.000000000000009
        ],
        "object_dims": {
          "0": [
            "vy"
          ],
          "1": [
            "vx"
          ]
        },
        "blanket_dims": [
          "x",
          "y",
          "angle",
          "ang_vel",
          "left_leg",
          "right_leg"
        ],
        "hessian_est": [
          [
            0.009044158944241173,
            -0.009110245121603815,
            0.0003661930808902215,
            -0.0019108622206893656,
            0.016718797558943985,
            0.03062939745894443,
            0.02139825191261928,
            0.011325746150791028
          ],
          [
            -0.009110245121603815,
            0.028589101367632454,
            -0.0006829313886452238,
            -0.0020846557942080604,
            -0.025146895653131617,
            -0.0460081269579734,
            -0.04453141839762589,
            -0.02081782880242494
          ],
          [
            0.0003661930808902215,
            -0.0006829313886452238,
            0.00277081208948258,
            -0.00018726587044331694,
            0.0009676230465083184,
            0.001683728035123419,
            0.0015715535298257586,
            0.0008065682982092822
          ],
          [
            -0.0019108622206893656,
            -0.0020846557942080604,
            -0.00018726587044331694,
            0.011222788882607955,
            -0.006449440745847459,
            -0.008819313240599548,
            -0.0010280961395799113,
            0.0002542905410127941
          ],
          [
            0.016718797558943985,
            -0.025146895653131617,
            0.0009676230465083184,
            -0.006449440745847459,
            0.049379283354132074,
            0.08016675349589782,
            0.05562051883894262,
            0.028946277313919036
          ],
          [
            0.03062939745894443,
            -0.0460081269579734,
            0.001683728035123419,
            -0.008819313240599548,
            0.08016675349589782,
            0.13871840518636736,
            0.10121617540955011,
            0.051739922692145814
          ],
          [
            0.02139825191261928,
            -0.04453141839762589,
            0.0015715535298257586,
            -0.0010280961395799113,
            0.05562051883894262,
            0.10121617540955011,
            0.09120002198450818,
            0.043769199730428456
          ],
          [
            0.011325746150791028,
            -0.02081782880242494,
            0.0008065682982092822,
            0.0002542905410127941,
            0.028946277313919036,
            0.051739922692145814,
            0.043769199730428456,
            0.02449581873893335
          ]
        ],
        "grad_magnitude": [
          0.03697612136602402,
          0.04971330612897873,
          0.029563432559370995,
          0.04216625168919563,
          0.06605213135480881,
          0.07847657799720764,
          0.06359560042619705,
          0.03319215774536133
        ],
        "episode": 25,
        "mean_return": -171.75367720153181,
        "mean_loss": -1.848778147958219
      },
      {
        "eigengap": 7.999999999999994,
        "n_clusters_spectral": 1,
        "n_objects": 2,
        "blanket_size": 3,
        "coupling_frobenius": 3.119936345432344,
        "coupling_matrix": [
          [
            0.0,
            0.19715439403878054,
            0.34575732496664036,
            0.04613106184584538,
            0.4043014296988192,
            0.17268652762251785,
            0.1926304365559127,
            0.20512891564922836
          ],
          [
            0.19715439403878054,
            0.0,
            0.07734943558696557,
            0.35658334866002994,
            0.1503806474620693,
            0.11081920007330898,
            0.38569172469015855,
            0.33263070337250344
          ],
          [
            0.34575732496664036,
            0.07734943558696557,
            0.0,
            0.039734802259622455,
            0.4415428085494861,
            0.22326175629696018,
            0.18577024317102586,
            0.1202080574730378
          ],
          [
            0.04613106184584538,
            0.35658334866002994,
            0.039734802259622455,
            0.0,
            0.1731886524417104,
            0.37873615479708295,
            0.2231466334836561,
            0.0840612071641758
          ],
          [
            0.4043014296988192,
            0.1503806474620693,
            0.4415428085494861,
            0.1731886524417104,
            0.0,
            0.6589811495979797,
            0.5386242765246589,
            0.560983745021292
          ],
          [
            0.17268652762251785,
            0.11081920007330898,
            0.22326175629696018,
            0.37873615479708295,
            0.6589811495979797,
            0.0,
            0.9272332895275935,
            0.8659207987303671
          ],
          [
            0.1926304365559127,
            0.38569172469015855,
            0.18577024317102586,
            0.2231466334836561,
            0.5386242765246589,
            0.9272332895275935,
            0.0,
            0.9122843611513942
          ],
          [
            0.20512891564922836,
            0.33263070337250344,
            0.1202080574730378,
            0.0840612071641758,
            0.560983745021292,
            0.8659207987303671,
            0.9122843611513942,
            0.0
          ]
        ],
        "assignment": [
          0,
          1,
          0,
          1,
          0,
          -1,
          -1,
          -1
        ],
        "is_blanket": [
          false,
          false,
          false,
          false,
          false,
          true,
          true,
          true
        ],
        "eigenvalues": [
          5.329070518200751e-15,
          7.999999999999999,
          8.0,
          8.0,
          8.0,
          8.0,
          8.0,
          8.000000000000009
        ],
        "object_dims": {
          "0": [
            "x",
            "vx",
            "angle"
          ],
          "1": [
            "y",
            "vy"
          ]
        },
        "blanket_dims": [
          "ang_vel",
          "left_leg",
          "right_leg"
        ],
        "hessian_est": [
          [
            0.0010833062611749892,
            0.0006233812020833112,
            0.0005824172267356006,
            0.00017485692954861983,
            -0.000775206600154381,
            -0.003387040503238652,
            -0.0021023259449995434,
            -0.0010808273871090893
          ],
          [
            0.0006233812020833112,
            0.009228749865141645,
            0.0003802906919947439,
            -0.003944992482445673,
            -0.0008415886292882178,
            -0.006344138687928442,
            -0.012286019100500783,
            -0.0051154932366925905
          ],
          [
            0.0005824172267356006,
            0.0003802906919947439,
            0.002619231940762759,
            0.00023419183966160015,
            -0.0013164255589676345,
            -0.006809066496881827,
            -0.0031525544484562852,
            -0.0009848596417674957
          ],
          [
            0.00017485692954861983,
            -0.003944992482445673,
            0.00023419183966160015,
            0.01326255508695758,
            -0.001161901994333758,
            -0.025991813277104224,
            -0.008521251037475116,
            -0.0015497546868201326
          ],
          [
            -0.000775206600154381,
            -0.0008415886292882178,
            -0.0013164255589676345,
            -0.001161901994333758,
            0.003393694174130656,
            0.022876816695622696,
            0.010404512404664074,
            0.0052316707140516875
          ],
          [
            -0.003387040503238652,
            -0.006344138687928442,
            -0.006809066496881827,
            -0.025991813277104224,
            0.022876816695622696,
            0.3551177127944922,
            0.1832207145624373,
            0.0826072270028781
          ],
          [
            -0.0021023259449995434,
            -0.012286019100500783,
            -0.0031525544484562852,
            -0.008521251037475116,
            0.010404512404664074,
            0.1832207145624373,
            0.1099508874218905,
            0.048426525504940726
          ],
          [
            -0.0010808273871090893,
            -0.0051154932366925905,
            -0.0009848596417674957,
            -0.0015497546868201326,
            0.0052316707140516875,
            0.0826072270028781,
            0.048426525504940726,
            0.025627564873785275
          ]
        ],
        "grad_magnitude": [
          0.01538266520947218,
          0.034039273858070374,
          0.019661638885736465,
          0.03492487967014313,
          0.0192865040153265,
          0.08502998948097229,
          0.06321360170841217,
          0.03232741728425026
        ],
        "episode": 50,
        "mean_return": -163.8111732341496,
        "mean_loss": -2.9290716497898104
      },
      {
        "eigengap": 7.999999999999994,
        "n_clusters_spectral": 1,
        "n_objects": 2,
        "blanket_size": 2,
        "coupling_frobenius": 3.205638826301314,
        "coupling_matrix": [
          [
            0.0,
            0.28297506439677217,
            0.01786208999905278,
            0.18891574680664178,
            0.42644636944492204,
            0.7453666987511224,
            0.7290562830962437,
            0.7254628753435051
          ],
          [
            0.28297506439677217,
            0.0,
            0.18998738069891918,
            0.4959434416344573,
            0.08110824862018248,
            0.37899492425453346,
            0.0846135729631428,
            0.07717503354881582
          ],
          [
            0.01786208999905278,
            0.18998738069891918,
            0.0,
            0.06589378975595848,
            0.22688358624077795,
            0.08038692949760698,
            0.06326188961488934,
            0.1771713355870692
          ],
          [
            0.18891574680664178,
            0.4959434416344573,
            0.06589378975595848,
            0.0,
            0.016442467495246842,
            0.2658071985720302,
            0.12787387331923766,
            0.04967054530753036
          ],
          [
            0.42644636944492204,
            0.08110824862018248,
            0.22688358624077795,
            0.016442467495246842,
            0.0,
            0.3716850012454344,
            0.30751463005971524,
            0.3739990042919289
          ],
          [
            0.7453666987511224,
            0.37899492425453346,
            0.08038692949760698,
            0.2658071985720302,
            0.3716850012454344,
            0.0,
            0.9318811824643548,
            0.7932690161500727
          ],
          [
            0.7290562830962437,
            0.0846135729631428,
            0.06326188961488934,
            0.12787387331923766,
            0.30751463005971524,
            0.9318811824643548,
            0.0,
            0.8506821624095331
          ],
          [
            0.7254628753435051,
            0.07717503354881582,
            0.1771713355870692,
            0.04967054530753036,
            0.3739990042919289,
            0.7932690161500727,
            0.8506821624095331,
            0.0
          ]
        ],
        "assignment": [
          0,
          1,
          -1,
          1,
          -1,
          0,
          0,
          0
        ],
        "is_blanket": [
          false,
          false,
          true,
          false,
          true,
          false,
          false,
          false
        ],
        "eigenvalues": [
          5.329070518200751e-15,
          7.999999999999999,
          8.0,
          8.0,
          8.0,
          8.0,
          8.0,
          8.000000000000009
        ],
        "object_dims": {
          "0": [
            "x",
            "ang_vel",
            "left_leg",
            "right_leg"
          ],
          "1": [
            "y",
            "vy"
          ]
        },
        "blanket_dims": [
          "vx",
          "angle"
        ],
        "hessian_est": [
          [
            0.002611811778889341,
            -0.0012982590424169816,
            -4.165639883252573e-05,
            0.0011092797363599217,
            -0.0009580647308696782,
            -0.027094299122877766,
            -0.012195703015864536,
            -0.0053844370226329786
          ],
          [
            -0.0012982590424169816,
            0.008059057132423315,
            0.0007782969838726407,
            -0.00511536013171855,
            0.0003200859399346261,
            0.024199838730704373,
            0.0024863196361539553,
            0.0010061739714444413
          ],
          [
            -4.165639883252573e-05,
            0.0007782969838726407,
            0.002082364074435434,
            -0.00034548151031179425,
            -0.00045513571151967246,
            0.002609160405470004,
            0.0009449206638726456,
            0.001174156458632362
          ],
          [
            0.0011092797363599217,
            -0.00511536013171855,
            -0.00034548151031179425,
            0.013200905395596612,
            -8.30478316217818e-05,
            -0.021722287027086732,
            -0.004809040973042143,
            0.0008288098635006976
          ],
          [
            -0.0009580647308696782,
            0.0003200859399346261,
            -0.00045513571151967246,
            -8.30478316217818e-05,
            0.001932496069024195,
            0.011621745401006384,
            0.004424864239488727,
            0.0023877229853562563
          ],
          [
            -0.027094299122877766,
            0.024199838730704373,
            0.002609160405470004,
            -0.021722287027086732,
            0.011621745401006384,
            0.5059106393740161,
            0.2169562744007477,
            0.08194293024201703
          ],
          [
            -0.012195703015864536,
            0.0024863196361539553,
            0.0009449206638726456,
            -0.004809040973042143,
            0.004424864239488727,
            0.2169562744007477,
            0.10713946990696487,
            0.04043860562036772
          ],
          [
            -0.0053844370226329786,
            0.0010061739714444413,
            0.001174156458632362,
            0.0008288098635006976,
            0.0023877229853562563,
            0.08194293024201703,
            0.04043860562036772,
            0.021091531301885614
          ]
        ],
        "grad_magnitude": [
          0.017350560054183006,
          0.0375557579100132,
          0.01811487413942814,
          0.03255068138241768,
          0.01387403067201376,
          0.08631075173616409,
          0.05077388137578964,
          0.026128849014639854
        ],
        "episode": 75,
        "mean_return": -166.88706524960918,
        "mean_loss": -3.2082081779479976
      },
      {
        "eigengap": 7.999999999999994,
        "n_clusters_spectral": 1,
        "n_objects": 2,
        "blanket_size": 2,
        "coupling_frobenius": 2.8001710925471768,
        "coupling_matrix": [
          [
            0.0,
            0.10080777283549189,
            0.08757415661906102,
            0.054979601430682506,
            0.3534691738186164,
            0.28580958738124,
            0.35390513931493306,
            0.40967934485542284
          ],
          [
            0.10080777283549189,
            0.0,
            0.13877606727655697,
            0.44676622329287274,
            0.16066982250424305,
            0.6576663807040349,
            0.37790395808003274,
            0.05099204653562172
          ],
          [
            0.08757415661906102,
            0.13877606727655697,
            0.0,
            0.04620957497133218,
            0.17628967379072147,
            0.10786159326375028,
            0.08603044165250656,
            0.1650169543288688
          ],
          [
            0.054979601430682506,
            0.44676622329287274,
            0.04620957497133218,
            0.0,
            0.1363614568873066,
            0.24826817680997665,
            0.10022489465351259,
            0.29561202287572586
          ],
          [
            0.3534691738186164,
            0.16066982250424305,
            0.17628967379072147,
            0.1363614568873066,
            0.0,
            0.5146716805438796,
            0.494106446907774,
            0.562990019199627
          ],
          [
            0.28580958738124,
            0.6576663807040349,
            0.10786159326375028,
            0.24826817680997665,
            0.5146716805438796,
            0.0,
            0.9230995658779183,
            0.48166346274103244
          ],
          [
            0.35390513931493306,
            0.37790395808003274,
            0.08603044165250656,
            0.10022489465351259,
            0.494106446907774,
            0.9230995658779183,
            0.0,
            0.6403594604820473
          ],
          [
            0.40967934485542284,
            0.05099204653562172,
            0.1650169543288688,
            0.29561202287572586,
            0.562990019199627,
            0.48166346274103244,
            0.6403594604820473,
            0.0
          ]
        ],
        "assignment": [
          0,
          -1,
          1,
          -1,
          0,
          0,
          0,
          0
        ],
        "is_blanket": [
          false,
          true,
          false,
          true,
          false,
          false,
          false,
          false
        ],
        "eigenvalues": [
          5.329070518200751e-15,
          7.999999999999999,
          8.0,
          8.0,
          8.0,
          8.0,
          8.0,
          8.000000000000009
        ],
        "object_dims": {
          "0": [
            "x",
            "angle",
            "ang_vel",
            "left_leg",
            "right_leg"
          ],
          "1": [
            "vx"
          ]
        },
        "blanket_dims": [
          "y",
          "vy"
        ],
        "hessian_est": [
          [
            0.0010301455820776425,
            -0.00044371146039148585,
            0.00011701226905912093,
            0.00020004051642026136,
            -0.0004920569005981436,
            -0.006580414429189966,
            -0.0034228354285204114,
            -0.0014964373123470109
          ],
          [
            -0.00044371146039148585,
            0.018806774357387448,
            0.0007922783067526364,
            -0.006945515149569775,
            0.0009556653656661397,
            0.0646978495825721,
            0.015616666683667435,
            -0.0007958379661841228
          ],
          [
            0.00011701226905912093,
            0.0007922783067526364,
            0.001733052788737793,
            -0.00021807451559498434,
            -0.00031830775434575035,
            0.0032210676547305426,
            0.0010792147297415183,
            0.0007818070634976368
          ],
          [
            0.00020004051642026136,
            -0.006945515149569775,
            -0.00021807451559498434,
            0.012850907814766154,
            0.0006704600721417674,
            -0.020189009524523332,
            -0.0034236728790488914,
            0.003813766137836894
          ],
          [
            -0.0004920569005981436,
            0.0009556653656661397,
            -0.00031830775434575035,
            0.0006704600721417674,
            0.001881171925027605,
            0.016012960492579678,
            0.006457799790463779,
            0.0027789457120042265
          ],
          [
            -0.006580414429189966,
            0.0646978495825721,
            0.0032210676547305426,
            -0.020189009524523332,
            0.016012960492579678,
            0.5145813227497263,
            0.1995378433572343,
            0.039322012934412134
          ],
          [
            -0.0034228354285204114,
            0.015616666683667435,
            0.0010792147297415183,
            -0.0034236728790488914,
            0.006457799790463779,
            0.1995378433572343,
            0.09080283217816096,
            0.021960314948459476
          ],
          [
            -0.0014964373123470109,
            -0.0007958379661841228,
            0.0007818070634976368,
            0.003813766137836894,
            0.0027789457120042265,
            0.039322012934412134,
            0.021960314948459476,
            0.012951795211121398
          ]
        ],
        "grad_magnitude": [
          0.012222250923514366,
          0.030372312292456627,
          0.015018411912024021,
          0.03284028172492981,
          0.016075821593403816,
          0.08999678492546082,
          0.04830089583992958,
          0.022873524576425552
        ],
        "episode": 100,
        "mean_return": -177.2834608589175,
        "mean_loss": -3.290252350831032
      },
      {
        "eigengap": 5.999999999999995,
        "n_clusters_spectral": 1,
        "n_objects": 2,
        "blanket_size": 2,
        "coupling_frobenius": 2.8920723285671874,
        "coupling_matrix": [
          [
            0.0,
            0.05494802709242873,
            0.2611670278311159,
            0.0022414442986952153,
            0.5706506500026685,
            0.25985952089451964,
            0.3379245741433432,
            0.27005017174396495
          ],
          [
            0.05494802709242873,
            0.0,
            0.34009747698167514,
            0.3579820719188312,
            0.169041458422723,
            0.7574545331396162,
            0.5349850000831197,
            0.2745081685533899
          ],
          [
            0.2611670278311159,
            0.34009747698167514,
            0.0,
            0.1207313057187246,
            0.4067737049125817,
            0.41440664999234733,
            0.366539031144279,
            0.06909898689501631
          ],
          [
            0.0022414442986952153,
            0.3579820719188312,
            0.1207313057187246,
            0.0,
            0.0709895481080122,
            0.22095271520019627,
            0.07866638521425012,
            0.47435208199780493
          ],
          [
            0.5706506500026685,
            0.169041458422723,
            0.4067737049125817,
            0.0709895481080122,
            0.0,
            0.44441099561080716,
            0.4402408528508252,
            0.4272193962919858
          ],
          [
            0.25985952089451964,
            0.7574545331396162,
            0.41440664999234733,
            0.22095271520019627,
            0.44441099561080716,
            0.0,
            0.931952498565273,
            0.10283125430626357
          ],
          [
            0.3379245741433432,
            0.5349850000831197,
            0.366539031144279,
            0.07866638521425012,
            0.4402408528508252,
            0.931952498565273,
            0.0,
            0.3064790055151117
          ],
          [
            0.27005017174396495,
            0.2745081685533899,
            0.06909898689501631,
            0.47435208199780493,
            0.4272193962919858,
            0.10283125430626357,
            0.3064790055151117,
            0.0
          ]
        ],
        "assignment": [
          -1,
          0,
          0,
          1,
          -1,
          0,
          0,
          1
        ],
        "is_blanket": [
          true,
          false,
          false,
          false,
          true,
          false,
          false,
          false
        ],
        "eigenvalues": [
          7.105427357601002e-15,
          6.000000000000002,
          7.999999999999993,
          7.9999999999999964,
          7.9999999999999964,
          8.0,
          8.0,
          8.0
        ],
        "object_dims": {
          "0": [
            "y",
            "vx",
            "ang_vel",
            "left_leg"
          ],
          "1": [
            "vy",
            "right_leg"
          ]
        },
        "blanket_dims": [
          "x",
          "angle"
        ],
        "hessian_est": [
          [
            0.0011787466613516079,
            -0.00035374400569433115,
            0.00039647777516641137,
            -8.954980976784004e-06,
            -0.0009027553436211835,
            -0.006352296708983636,
            -0.003471980937293723,
            -0.0008976529669382328
          ],
          [
            -0.00035374400569433115,
            0.03516035054398563,
            -0.0028198120889882865,
            -0.007811136929091813,
            0.0014605258212946589,
            0.101126498005687,
            0.030020327052124155,
            -0.00498351238748548
          ],
          [
            0.00039647777516641137,
            -0.0028198120889882865,
            0.0019551499757722284,
            0.0006212070655252012,
            -0.0008287668949837566,
            -0.013046638535854712,
            -0.004850176653399764,
            0.0002958117802629381
          ],
          [
            -8.954980976784004e-06,
            -0.007811136929091813,
            0.0006212070655252012,
            0.013541058995715838,
            0.00038063625453435215,
            -0.018306590749438124,
            -0.002739445970909631,
            0.00534417673476981
          ],
          [
            -0.0009027553436211835,
            0.0014605258212946589,
            -0.0008287668949837566,
            0.00038063625453435215,
            0.0021231397718968837,
            0.01457994751094767,
            0.006070534349577051,
            0.0019058731760464235
          ],
          [
            -0.006352296708983636,
            0.101126498005687,
            -0.013046638535854712,
            -0.018306590749438124,
            0.01457994751094767,
            0.5069481505404466,
            0.19857416597641767,
            0.007088601451859316
          ],
          [
            -0.003471980937293723,
            0.030020327052124155,
            -0.004850176653399764,
            -0.002739445970909631,
            0.006070534349577051,
            0.19857416597641767,
            0.08955593162336914,
            0.008879767010826062
          ],
          [
            -0.0008976529669382328,
            -0.00498351238748548,
            0.0002958117802629381,
            0.00534417673476981,
            0.0019058731760464235,
            0.007088601451859316,
            0.008879767010826062,
            0.009373617059817357
          ]
        ],
        "grad_magnitude": [
          0.011320584453642368,
          0.04208853468298912,
          0.019114553928375244,
          0.034211475402116776,
          0.01356296893209219,
          0.09608866274356842,
          0.04767835512757301,
          0.01952395774424076
        ],
        "episode": 125,
        "mean_return": -194.36961300723203,
        "mean_loss": -3.4595018914699556
      },
      {
        "eigengap": 5.999999999999995,
        "n_clusters_spectral": 1,
        "n_objects": 2,
        "blanket_size": 5,
        "coupling_frobenius": 3.08935550440409,
        "coupling_matrix": [
          [
            0.0,
            0.3863976783925912,
            0.05610736503520141,
            0.041279810269789524,
            0.1527022046246696,
            0.3199751953135112,
            0.2266598029422825,
            0.3204017500475454
          ],
          [
            0.3863976783925912,
            0.0,
            0.39639818937075155,
            0.31790547915461276,
            0.37876922053251333,
            0.8119328909366531,
            0.6145121227583906,
            0.39011600229454063
          ],
          [
            0.05610736503520141,
            0.39639818937075155,
            0.0,
            0.003300428478411112,
            0.496296356365369,
            0.5009813394709166,
            0.47757080589198947,
            0.04057959833481885
          ],
          [
            0.041279810269789524,
            0.31790547915461276,
            0.003300428478411112,
            0.0,
            0.16099162830533864,
            0.12204235194501831,
